data/glamos/distributed_mass_balance_grids/sex_rouge/2025_ann_obs.grid
ncols        170
nrows        115
xllcorner    581600.000000000000
yllcorner    130250.000000000000
cellsize     10.000000000000
NODATA_value  -9999
[rows 75 to 99 of 115, columns 57 to 113 of 170]
-9999.0000 -9999.0000 -9999.0000 -9999.0000 -9999.0000 -9999.0000 -9999.0000 -9999.0000 -9999.0000 -9999.0000 -9999.0000 -9999.0000 -9999.0000 -9999.0000 -9999.0000 -9999.0000 -9999.0000 -9999.0000 -9999.0000 -9999.0000 -9999.0000 -9999.0000 -9999.0000 -9999.0000 -9999.0000 -9999.0000 -9999.0000 -9999.0000 -9999.0000 -9999.0000 -9999.0000 -3.0779959 -3.0729637 -3.0449167 -3.0276316 -3.0238251 -3.0457407 -3.0620384 -3.0670404 -3.0706962 -3.0723325 -3.0573872 -3.0487991 -3.0788848 -3.0807910 -3.0741617 -3.0783395 -3.0876719 -3.0503441 -3.0389072 -3.0512787 -3.0619139 -3.1009481 -3.1151233 -3.0957247 -3.0803336 -3.0162639
-9999.0000 -9999.0000 -9999.0000 -9999.0000 -9999.0000 -9999.0000 -9999.0000 -9999.0000 -9999.0000 -9999.0000 -9999.0000 -9999.0000 -9999.0000 -9999.0000 -9999.0000 -9999.0000 -9999.0000 -9999.0000 -9999.0000 -9999.0000 -9999.0000 -9999.0000 -9999.0000 -9999.0000 -9999.0000 -9999.0000 -9999.0000 -9999.0000 -9999.0000 -9999.0000 -3.0906038 -3.0885405 -3.0700880 -3.0502291 -3.0483193 -3.0619863 -3.0649537 -3.0689246 -3.0800856 -3.1204124 -3.1220834 -3.1147229 -3.1123526 -3.1105839 -3.0989321 -3.0800250 -3.0774482 -3.0854604 -3.0623606 -3.0564655 -3.0579518 -3.0694052 -3.1123559 -3.1243854 -3.1044993 -3.1038879 -3.0663190
-9999.0000 -9999.0000 -9999.0000 -9999.0000 -9999.0000 -9999.0000 -9999.0000 -9999.0000 -9999.0000 -9999.0000 -9999.0000 -9999.0000 -9999.0000 -9999.0000 -9999.0000 -9999.0000 -9999.0000 -9999.0000 -9999.0000 -9999.0000 -9999.0000 -9999.0000 -9999.0000 -9999.0000 -9999.0000 -9999.0000 -9999.0000 -9999.0000 -9999.0000 -9999.0000 -3.1549303 -3.1056961 -3.1443590 -3.1452533 -3.1437427 -3.1343906 -3.1466694 -3.1453643 -3.1520525 -3.1480595 -3.1487037 -3.1418910 -3.1456872 -3.1409536 -3.1319150 -3.1110187 -3.1017834 -3.0925703 -3.1094975 -3.0798799 -3.1194241 -3.1137426 -3.1134809 -3.1353503 -3.1089850 -3.1139180 -3.0660073
-9999.0000 -9999.0000 -9999.0000 -9999.0000 -9999.0000 -9999.0000 -9999.0000 -9999.0000 -9999.0000 -9999.0000 -9999.0000 -9999.0000 -9999.0000 -9999.0000 -9999.0000 -9999.0000 -9999.0000 -9999.0000 -9999.0000 -9999.0000 -9999.0000 -9999.0000 -9999.0000 -9999.0000 -9999.0000 -9999.0000 -9999.0000 -9999.0000 -3.2028630 -3.2116377 -3.2092281 -3.1960865 -3.2029869 -3.2183686 -3.2073055 -3.1988130 -3.2021967 -3.2405655 -3.2180193 -3.1717870 -3.1711711 -3.1708930 -3.2006017 -3.1986146 -3.1937689 -3.1443579 -3.1320107 -3.1116650 -3.1198132 -3.1210756 -3.1219207 -3.1095030 -3.0799964 -3.0370466 -3.0293489 -3.0477574 -3.0377595
-9999.0000 -9999.0000 -9999.0000 -9999.0000 -9999.0000 -9999.0000 -9999.0000 -9999.0000 -9999.0000 -9999.0000 -9999.0000 -9999.0000 -9999.0000 -9999.0000 -9999.0000 -9999.0000 -9999.0000 -9999.0000 -9999.0000 -9999.0000 -9999.0000 -9999.0000 -9999.0000 -9999.0000 -9999.0000 -9999.0000 -9999.0000 -3.2129557 -3.2370715 -3.2886399 -3.2932470 -3.2927632 -3.3072015 -3.3007915 -3.2816334 -3.2632991 -3.2738100 -3.2865447 -3.2842160 -3.2617666 -3.2403925 -3.2403387 -3.2597287 -3.2582423 -3.2487239 -3.2271179 -3.1948712 -3.1283285 -3.1287571 -3.1237037 -3.1044742 -3.0724791 -3.0805872 -3.0675146 -3.0141399 -3.0430498 -3.0425270
-9999.0000 -9999.0000 -9999.0000 -9999.0000 -9999.0000 -9999.0000 -9999.0000 -9999.0000 -9999.0000 -9999.0000 -9999.0000 -9999.0000 -9999.0000 -9999.0000 -9999.0000 -9999.0000 -9999.0000 -9999.0000 -9999.0000 -9999.0000 -9999.0000 -9999.0000 -9999.0000 -9999.0000 -9999.0000 -9999.0000 -3.2647440 -3.2558633 -3.2554475 -3.3099148 -3.3256623 -3.3423602 -3.3425336 -3.3656935 -3.3247834 -3.3099007 -3.2976573 -3.3295596 -3.3325778 -3.3289208 -3.2930362 -3.2750492 -3.2704543 -3.2708577 -3.2553069 -3.2382677 -3.2190752 -3.1916545 -3.1423222 -3.1544262 -3.1539475 -3.1354784 -3.1176486 -3.1175106 -3.1071032 -3.0788408 -3.0784390
-9999.0000 -9999.0000 -9999.0000 -9999.0000 -9999.0000 -9999.0000 -9999.0000 -9999.0000 -9999.0000 -9999.0000 -9999.0000 -9999.0000 -9999.0000 -9999.0000 -9999.0000 -9999.0000 -9999.0000 -9999.0000 -9999.0000 -9999.0000 -9999.0000 -9999.0000 -9999.0000 -9999.0000 -3.2522347 -3.2599954 -3.2747968 -3.3104064 -3.2582887 -3.2788368 -3.3157845 -3.3629949 -3.3644982 -3.3721890 -3.3719924 -3.3720354 -3.3750791 -3.3647544 -3.3482384 -3.3360129 -3.2974589 -3.2826195 -3.2842304 -3.2772387 -3.2496955 -3.2316204 -3.2303231 -3.2132666 -3.1967613 -3.1933302 -3.2042109 -3.1652778 -3.1156744 -3.0866047 -3.1126515 -3.1183825 -3.0732297
-9999.0000 -9999.0000 -9999.0000 -9999.0000 -9999.0000 -9999.0000 -9999.0000 -9999.0000 -9999.0000 -9999.0000 -9999.0000 -9999.0000 -9999.0000 -9999.0000 -9999.0000 -9999.0000 -9999.0000 -9999.0000 -9999.0000 -9999.0000 -9999.0000 -9999.0000 -9999.0000 -3.2716113 -3.2596930 -3.2576157 -3.2799442 -3.3352453 -3.3386866 -3.3400257 -3.3444926 -3.3817893 -3.3791146 -3.3835044 -3.3778137 -3.3715066 -3.3726787 -3.3709230 -3.3648229 -3.3638835 -3.3229058 -3.3018963 -3.3000877 -3.2879644 -3.2480054 -3.2364824 -3.2385741 -3.2088490 -3.1888954 -3.1628226 -3.1443273 -3.1205158 -3.0995655 -3.0830225 -3.1005029 -3.1334574 -3.0234748
-9999.0000 -9999.0000 -9999.0000 -9999.0000 -9999.0000 -9999.0000 -9999.0000 -9999.0000 -9999.0000 -9999.0000 -9999.0000 -9999.0000 -9999.0000 -9999.0000 -9999.0000 -9999.0000 -9999.0000 -9999.0000 -9999.0000 -9999.0000 -9999.0000 -3.2897534 -3.2551594 -3.2718926 -3.2621991 -3.3067335 -3.3224117 -3.3500525 -3.3906459 -3.3965943 -3.3871633 -3.4019327 -3.3989386 -3.3993810 -3.3951371 -3.3850102 -3.3732052 -3.3626040 -3.3446653 -3.3522382 -3.3637479 -3.3282626 -3.3027065 -3.2874267 -3.2670534 -3.2596602 -3.2460315 -3.2005959 -3.1848821 -3.1854398 -3.1912763 -3.1493151 -3.1116557 -3.0834721 -3.0864416 -3.0721863 -3.0623858
-9999.0000 -9999.0000 -9999.0000 -9999.0000 -9999.0000 -9999.0000 -9999.0000 -9999.0000 -9999.0000 -9999.0000 -9999.0000 -9999.0000 -9999.0000 -9999.0000 -9999.0000 -9999.0000 -9999.0000 -9999.0000 -9999.0000 -9999.0000 -3.4011908 -3.3671882 -3.3065023 -3.2984586 -3.3152845 -3.3404513 -3.3553783 -3.3465098 -3.3596827 -3.4031898 -3.4072100 -3.4009857 -3.4043380 -3.4100158 -3.4208023 -3.4244906 -3.4124812 -3.3964897 -3.3778451 -3.3647769 -3.3329645 -3.3081409 -3.2994753 -3.3067037 -3.2821418 -3.2625160 -3.2485270 -3.2226864 -3.2121507 -3.2167125 -3.2182036 -3.1979962 -3.1220982 -3.0959444 -3.1061987 -3.0642510 -3.0749868
-9999.0000 -9999.0000 -9999.0000 -9999.0000 -9999.0000 -9999.0000 -9999.0000 -9999.0000 -9999.0000 -9999.0000 -9999.0000 -9999.0000 -9999.0000 -9999.0000 -9999.0000 -9999.0000 -9999.0000 -9999.0000 -9999.0000 -9999.0000 -3.3873220 -3.4179017 -3.3543441 -3.3252717 -3.3408120 -3.3551847 -3.3725653 -3.4005535 -3.3994213 -3.4128418 -3.4082886 -3.4112022 -3.4234914 -3.4253069 -3.4231968 -3.4180560 -3.4135732 -3.4156809 -3.4155785 -3.3956628 -3.3679854 -3.3519015 -3.3473239 -3.3545434 -3.3449818 -3.3257497 -3.3049696 -3.2462950 -3.2289550 -3.2521273 -3.2446761 -3.2050077 -3.1419978 -3.1259603 -3.1267298 -3.0893944 -3.0674441
-9999.0000 -9999.0000 -9999.0000 -9999.0000 -9999.0000 -9999.0000 -9999.0000 -9999.0000 -9999.0000 -9999.0000 -9999.0000 -9999.0000 -9999.0000 -9999.0000 -9999.0000 -9999.0000 -9999.0000 -9999.0000 -9999.0000 -9999.0000 -9999.0000 -3.4198608 -3.4021193 -3.3563742 -3.3506132 -3.3422160 -3.3713501 -3.4129379 -3.4176941 -3.4224638 -3.4179882 -3.4248087 -3.4351933 -3.4319775 -3.4179230 -3.4089301 -3.4107858 -3.4142301 -3.4152300 -3.4106049 -3.4125648 -3.4111446 -3.3928625 -3.3807440 -3.3680778 -3.3660218 -3.3578599 -3.3015044 -3.2743603 -3.2924865 -3.2913630 -3.2377905 -3.1760103 -3.1410115 -3.1232784 -3.1062969 -3.0632375
-9999.0000 -9999.0000 -9999.0000 -9999.0000 -9999.0000 -9999.0000 -9999.0000 -9999.0000 -9999.0000 -9999.0000 -9999.0000 -9999.0000 -9999.0000 -9999.0000 -9999.0000 -9999.0000 -9999.0000 -9999.0000 -9999.0000 -9999.0000 -9999.0000 -3.4022025 -3.4007284 -3.3648027 -3.3433574 -3.3459688 -3.3670393 -3.4098318 -3.4202279 -3.4155395 -3.4304016 -3.4333072 -3.4343076 -3.4374728 -3.4355515 -3.4372502 -3.4416498 -3.4354299 -3.4335753 -3.4319953 -3.4205171 -3.4135175 -3.4063830 -3.3988891 -3.3881056 -3.3856872 -3.3854041 -3.3624882 -3.3464797 -3.3558959 -3.3549176 -3.2855566 -3.2443266 -3.1779517 -3.1221762 -3.0916368 -3.0977271
-9999.0000 -9999.0000 -9999.0000 -9999.0000 -9999.0000 -9999.0000 -9999.0000 -9999.0000 -9999.0000 -9999.0000 -9999.0000 -9999.0000 -9999.0000 -9999.0000 -9999.0000 -9999.0000 -9999.0000 -9999.0000 -9999.0000 -9999.0000 -9999.0000 -3.3840975 -3.3961685 -3.3766878 -3.3364826 -3.3405449 -3.3626407 -3.4050363 -3.4154130 -3.4205389 -3.4241366 -3.4213261 -3.4184193 -3.4259799 -3.4431959 -3.4568968 -3.4675254 -3.4583042 -3.4431763 -3.4276103 -3.4389975 -3.4478451 -3.4439216 -3.4365687 -3.4202651 -3.4194701 -3.4103564 -3.3947943 -3.3917212 -3.3838419 -3.3863789 -3.3653963 -3.3078230 -3.2165765 -3.1685434 -3.1053303 -3.0866493
-9999.0000 -9999.0000 -9999.0000 -9999.0000 -9999.0000 -9999.0000 -9999.0000 -9999.0000 -9999.0000 -9999.0000 -9999.0000 -9999.0000 -9999.0000 -9999.0000 -9999.0000 -9999.0000 -9999.0000 -9999.0000 -9999.0000 -9999.0000 -3.3735541 -3.3586831 -3.3762629 -3.3801157 -3.3602454 -3.3542679 -3.3690911 -3.3837081 -3.4195064 -3.4364638 -3.4391915 -3.4327940 -3.4309962 -3.4333578 -3.4467853 -3.4522305 -3.4597955 -3.4641241 -3.4555133 -3.4481526 -3.4569502 -3.4650793 -3.4652256 -3.4648075 -3.4642470 -3.4814695 -3.4713599 -3.4520494 -3.4631147 -3.4552705 -3.4471085 -3.4000927 -3.3373913 -3.2866136 -3.1918440 -3.1442202 -3.1362372
-9999.0000 -9999.0000 -9999.0000 -9999.0000 -9999.0000 -9999.0000 -9999.0000 -9999.0000 -9999.0000 -9999.0000 -9999.0000 -9999.0000 -9999.0000 -9999.0000 -9999.0000 -9999.0000 -9999.0000 -9999.0000 -9999.0000 -3.4123882 -3.4046759 -3.3631860 -3.3557678 -3.3728424 -3.3822021 -3.3780038 -3.3849717 -3.3929195 -3.4299048 -3.4537936 -3.4664283 -3.4671915 -3.4727163 -3.4750033 -3.4777990 -3.4671753 -3.4490782 -3.4489102 -3.4604522 -3.4680813 -3.4654521 -3.4677806 -3.4754850 -3.4880574 -3.4982285 -3.5155950 -3.5102927 -3.5142915 -3.5156105 -3.5099024 -3.4902730 -3.4348143 -3.3600359 -3.3023231 -3.2062263 -9999.0000 -9999.0000
-9999.0000 -9999.0000 -9999.0000 -9999.0000 -9999.0000 -9999.0000 -9999.0000 -9999.0000 -9999.0000 -9999.0000 -9999.0000 -9999.0000 -9999.0000 -9999.0000 -9999.0000 -9999.0000 -9999.0000 -3.2240987 -3.2983453 -3.3847833 -3.4275274 -3.4237193 -3.3899173 -3.3682929 -3.3775050 -3.3807830 -3.3764233 -3.3898660 -3.4289993 -3.4513786 -3.4757350 -3.4907041 -3.4943941 -3.4882509 -3.4869477 -3.4807232 -3.4672346 -3.4596072 -3.4619122 -3.4759461 -3.4797802 -3.4834958 -3.4960786 -3.5115679 -3.5309119 -3.5210462 -3.5265477 -3.5404624 -3.5517064 -3.5439212 -3.5248924 -3.4684238 -3.4184215 -3.3200175 -9999.0000 -9999.0000 -9999.0000
-9999.0000 -9999.0000 -9999.0000 -9999.0000 -9999.0000 -9999.0000 -9999.0000 -9999.0000 -9999.0000 -9999.0000 -9999.0000 -9999.0000 -9999.0000 -9999.0000 -9999.0000 -3.1059099 -3.1416125 -3.1788774 -3.2262105 -3.2878893 -3.3836971 -3.4165484 -3.3927401 -3.3661611 -3.3688323 -3.3820970 -3.3784031 -3.3844134 -3.4121336 -3.4537321 -3.4649799 -3.4800882 -3.4904889 -3.4888870 -3.4974728 -3.5036080 -3.5016314 -3.4932966 -3.4828170 -3.4808900 -3.4878023 -3.4936275 -3.5108775 -3.5233100 -3.5419550 -3.5382814 -3.5351778 -3.5384677 -3.5308152 -3.5259627 -3.5030247 -3.4530717 -3.3926570 -9999.0000 -9999.0000 -9999.0000 -9999.0000
-9999.0000 -9999.0000 -9999.0000 -9999.0000 -9999.0000 -9999.0000 -9999.0000 -9999.0000 -9999.0000 -9999.0000 -9999.0000 -9999.0000 -9999.0000 -9999.0000 -2.9587124 -2.9894365 -3.0342542 -3.1088805 -3.1613019 -3.2290898 -3.3165283 -3.3462116 -3.3560480 -3.3544843 -3.3596240 -3.3688803 -3.3780474 -3.3906540 -3.4137575 -3.4574073 -3.4555010 -3.4567471 -3.4741948 -3.4889237 -3.4942360 -3.4986724 -3.5072581 -3.5063673 -3.5001145 -3.4994398 -3.5090658 -3.5183969 -3.5239021 -3.5299146 -3.5699196 -3.5933094 -3.5976768 -3.5907905 -3.5612648 -3.5304606 -3.4865239 -3.4521228 -3.4306415 -9999.0000 -9999.0000 -9999.0000 -9999.0000
-9999.0000 -9999.0000 -9999.0000 -9999.0000 -9999.0000 -9999.0000 -9999.0000 -9999.0000 -9999.0000 -9999.0000 -9999.0000 -9999.0000 -9999.0000 -9999.0000 -9999.0000 -9999.0000 -9999.0000 -9999.0000 -3.1276725 -3.1910996 -3.2360423 -3.2637935 -3.2903328 -3.3319115 -3.3404604 -3.3565007 -3.3788371 -3.3981320 -3.4048289 -3.4157559 -3.4498862 -3.4554018 -3.4694326 -3.4846404 -3.4901653 -3.5002750 -3.5120285 -3.5216893 -3.5168812 -3.5169402 -3.5224913 -3.5229575 -3.5264994 -3.5680318 -3.5925738 -3.6030584 -3.6098071 -3.6050948 -3.5921688 -3.5735919 -3.5499690 -9999.0000 -9999.0000 -9999.0000 -9999.0000 -9999.0000 -9999.0000
-9999.0000 -9999.0000 -9999.0000 -9999.0000 -9999.0000 -9999.0000 -9999.0000 -9999.0000 -9999.0000 -9999.0000 -9999.0000 -9999.0000 -9999.0000 -9999.0000 -9999.0000 -9999.0000 -9999.0000 -9999.0000 -9999.0000 -9999.0000 -3.2190766 -3.2370410 -3.2613295 -3.3259819 -3.3574877 -3.3837784 -3.4078662 -3.4150271 -3.4089990 -3.4089676 -3.4165334 -3.4523107 -3.4702536 -3.4948976 -3.5051084 -3.5120274 -3.5234900 -3.5325575 -3.5297553 -3.5410269 -3.5495350 -3.5448530 -3.5529094 -3.5872664 -3.5874701 -3.5950446 -3.6107149 -3.6173378 -3.6183234 -3.6162382 -9999.0000 -9999.0000 -9999.0000 -9999.0000 -9999.0000 -9999.0000 -9999.0000
-9999.0000 -9999.0000 -9999.0000 -9999.0000 -9999.0000 -9999.0000 -9999.0000 -9999.0000 -9999.0000 -9999.0000 -9999.0000 -9999.0000 -9999.0000 -9999.0000 -9999.0000 -9999.0000 -9999.0000 -9999.0000 -9999.0000 -9999.0000 -9999.0000 -9999.0000 -9999.0000 -9999.0000 -9999.0000 -3.3745225 -3.3952613 -3.4168471 -3.4255026 -3.4275690 -3.4309305 -3.4416941 -3.4797513 -3.4953082 -3.5075466 -3.5175845 -3.5246490 -3.5262240 -3.5320221 -3.5411635 -3.5322490 -3.5379304 -3.5880306 -3.6059717 -3.6148002 -3.6263485 -3.6327594 -3.6372211 -9999.0000 -9999.0000 -9999.0000 -9999.0000 -9999.0000 -9999.0000 -9999.0000 -9999.0000 -9999.0000
-9999.0000 -9999.0000 -9999.0000 -9999.0000 -9999.0000 -9999.0000 -9999.0000 -9999.0000 -9999.0000 -9999.0000 -9999.0000 -9999.0000 -9999.0000 -9999.0000 -9999.0000 -9999.0000 -9999.0000 -9999.0000 -9999.0000 -9999.0000 -9999.0000 -9999.0000 -9999.0000 -9999.0000 -9999.0000 -3.3994384 -3.4303515 -3.4602081 -3.4836206 -3.4953555 -3.5261580 -3.5340778 -3.5413516 -3.5515889 -3.5628111 -3.5778558 -3.5730723 -3.5683990 -3.5645366 -3.5496560 -3.5631056 -3.6178679 -3.6389675 -3.6623878 -3.6817841 -9999.0000 -9999.0000 -9999.0000 -9999.0000 -9999.0000 -9999.0000 -9999.0000 -9999.0000 -9999.0000 -9999.0000 -9999.0000 -9999.0000
-9999.0000 -9999.0000 -9999.0000 -9999.0000 -9999.0000 -9999.0000 -9999.0000 -9999.0000 -9999.0000 -9999.0000 -9999.0000 -9999.0000 -9999.0000 -9999.0000 -9999.0000 -9999.0000 -9999.0000 -9999.0000 -9999.0000 -9999.0000 -9999.0000 -9999.0000 -9999.0000 -9999.0000 -9999.0000 -3.4144101 -3.4635242 -3.4990718 -3.5241509 -3.5407913 -3.5783069 -3.5909866 -3.6142101 -3.6321378 -3.6569125 -3.6627782 -3.6665791 -3.6590793 -3.6489970 -3.6576640 -3.6892520 -3.7009826 -3.6931615 -9999.0000 -9999.0000 -9999.0000 -9999.0000 -9999.0000 -9999.0000 -9999.0000 -9999.0000 -9999.0000 -9999.0000 -9999.0000 -9999.0000 -9999.0000 -9999.0000
-9999.0000 -9999.0000 -9999.0000 -9999.0000 -9999.0000 -9999.0000 -9999.0000 -9999.0000 -9999.0000 -9999.0000 -9999.0000 -9999.0000 -9999.0000 -9999.0000 -9999.0000 -9999.0000 -9999.0000 -9999.0000 -9999.0000 -9999.0000 -9999.0000 -9999.0000 -9999.0000 -9999.0000 -3.1860324 -3.2771811 -3.3548583 -3.4513491 -3.4714792 -3.4730280 -3.4858220 -3.5116310 -3.5800698 -3.6033689 -3.6082120 -3.6073408 -3.6048751 -3.6006739 -3.5891746 -3.6166277 -3.6801941 -9999.0000 -9999.0000 -9999.0000 -9999.0000 -9999.0000 -9999.0000 -9999.0000 -9999.0000 -9999.0000 -9999.0000 -9999.0000 -9999.0000 -9999.0000 -9999.0000 -9999.0000 -9999.0000
