data/glamos/distributed_mass_balance_grids/sex_rouge/2025_ann_fix.grid
ncols        170
nrows        115
xllcorner    581600.000000000000
yllcorner    130250.000000000000
cellsize     10.000000000000
NODATA_value  -9999
[rows 75 to 99 of 115, columns 57 to 113 of 170]
-9999.0000 -9999.0000 -9999.0000 -9999.0000 -9999.0000 -9999.0000 -9999.0000 -9999.0000 -9999.0000 -9999.0000 -9999.0000 -9999.0000 -9999.0000 -9999.0000 -9999.0000 -9999.0000 -9999.0000 -9999.0000 -9999.0000 -9999.0000 -9999.0000 -9999.0000 -9999.0000 -9999.0000 -9999.0000 -9999.0000 -9999.0000 -9999.0000 -9999.0000 -9999.0000 -9999.0000 -3.1912637 -3.1894322 -3.1617778 -3.1441140 -3.1409882 -3.1658553 -3.1841758 -3.1904571 -3.1945538 -3.1962867 -3.1794826 -3.1686560 -3.1986047 -3.2004995 -3.1943912 -3.1994065 -3.2092495 -3.1719175 -3.1603225 -3.1712960 -3.1818063 -3.2216064 -3.2346052 -3.2137636 -3.1905353 -3.1189067
-9999.0000 -9999.0000 -9999.0000 -9999.0000 -9999.0000 -9999.0000 -9999.0000 -9999.0000 -9999.0000 -9999.0000 -9999.0000 -9999.0000 -9999.0000 -9999.0000 -9999.0000 -9999.0000 -9999.0000 -9999.0000 -9999.0000 -9999.0000 -9999.0000 -9999.0000 -9999.0000 -9999.0000 -9999.0000 -9999.0000 -9999.0000 -9999.0000 -9999.0000 -9999.0000 -3.1913913 -3.1964931 -3.1793182 -3.1584451 -3.1576380 -3.1736712 -3.1776353 -3.1825427 -3.1947100 -3.2359424 -3.2378863 -3.2300551 -3.2278048 -3.2253056 -3.2126593 -3.1921928 -3.1903208 -3.1993459 -3.1777788 -3.1731420 -3.1758768 -3.1884178 -3.2293246 -3.2409533 -3.2209061 -3.2178454 -3.1700502
-9999.0000 -9999.0000 -9999.0000 -9999.0000 -9999.0000 -9999.0000 -9999.0000 -9999.0000 -9999.0000 -9999.0000 -9999.0000 -9999.0000 -9999.0000 -9999.0000 -9999.0000 -9999.0000 -9999.0000 -9999.0000 -9999.0000 -9999.0000 -9999.0000 -9999.0000 -9999.0000 -9999.0000 -9999.0000 -9999.0000 -9999.0000 -9999.0000 -9999.0000 -9999.0000 -3.2547283 -3.2087714 -3.2503487 -3.2521623 -3.2510825 -3.2410123 -3.2541020 -3.2532117 -3.2605857 -3.2565871 -3.2571468 -3.2503436 -3.2547658 -3.2500770 -3.2413300 -3.2202740 -3.2092206 -3.2006604 -3.2200645 -3.1925870 -3.2334633 -3.2297812 -3.2302276 -3.2500483 -3.2248285 -3.2266832 -3.1719991
-9999.0000 -9999.0000 -9999.0000 -9999.0000 -9999.0000 -9999.0000 -9999.0000 -9999.0000 -9999.0000 -9999.0000 -9999.0000 -9999.0000 -9999.0000 -9999.0000 -9999.0000 -9999.0000 -9999.0000 -9999.0000 -9999.0000 -9999.0000 -9999.0000 -9999.0000 -9999.0000 -9999.0000 -9999.0000 -9999.0000 -9999.0000 -9999.0000 -3.2899878 -3.3053325 -3.3072912 -3.2960622 -3.3061316 -3.3238934 -3.3119168 -3.3031724 -3.3070403 -3.3450186 -3.3211057 -3.2735536 -3.2728231 -3.2725751 -3.3027996 -3.3010826 -3.2973134 -3.2483017 -3.2365219 -3.2166550 -3.2243134 -3.2281681 -3.2307951 -3.2192125 -3.1892456 -3.1473439 -3.1368156 -3.1538059 -3.1392823
-9999.0000 -9999.0000 -9999.0000 -9999.0000 -9999.0000 -9999.0000 -9999.0000 -9999.0000 -9999.0000 -9999.0000 -9999.0000 -9999.0000 -9999.0000 -9999.0000 -9999.0000 -9999.0000 -9999.0000 -9999.0000 -9999.0000 -9999.0000 -9999.0000 -9999.0000 -9999.0000 -9999.0000 -9999.0000 -9999.0000 -9999.0000 -3.2929943 -3.3245152 -3.3811582 -3.3896930 -3.3917089 -3.4100862 -3.4035693 -3.3826023 -3.3633489 -3.3742487 -3.3883924 -3.3857177 -3.3605898 -3.3373195 -3.3372963 -3.3581657 -3.3575297 -3.3490047 -3.3269460 -3.2937965 -3.2269996 -3.2298301 -3.2246941 -3.2060880 -3.1732906 -3.1836928 -3.1737794 -3.1210734 -3.1468008 -3.1444040
-9999.0000 -9999.0000 -9999.0000 -9999.0000 -9999.0000 -9999.0000 -9999.0000 -9999.0000 -9999.0000 -9999.0000 -9999.0000 -9999.0000 -9999.0000 -9999.0000 -9999.0000 -9999.0000 -9999.0000 -9999.0000 -9999.0000 -9999.0000 -9999.0000 -9999.0000 -9999.0000 -9999.0000 -9999.0000 -9999.0000 -3.3403867 -3.3355850 -3.3399756 -3.3992940 -3.4189254 -3.4389622 -3.4419383 -3.4648754 -3.4217025 -3.4057158 -3.3925899 -3.4254148 -3.4288736 -3.4246966 -3.3880007 -3.3683453 -3.3621399 -3.3630135 -3.3481959 -3.3312870 -3.3111164 -3.2843406 -3.2384226 -3.2542844 -3.2541862 -3.2375253 -3.2209087 -3.2239895 -3.2160006 -3.1851832 -3.1831036
-9999.0000 -9999.0000 -9999.0000 -9999.0000 -9999.0000 -9999.0000 -9999.0000 -9999.0000 -9999.0000 -9999.0000 -9999.0000 -9999.0000 -9999.0000 -9999.0000 -9999.0000 -9999.0000 -9999.0000 -9999.0000 -9999.0000 -9999.0000 -9999.0000 -9999.0000 -9999.0000 -9999.0000 -3.2957614 -3.3205098 -3.3457741 -3.3870699 -3.3373381 -3.3603320 -3.4023618 -3.4540533 -3.4578942 -3.4653442 -3.4646098 -3.4646512 -3.4678294 -3.4567066 -3.4393013 -3.4258493 -3.3859737 -3.3696863 -3.3706356 -3.3618255 -3.3331507 -3.3152113 -3.3154863 -3.3003783 -3.2864673 -3.2871032 -3.3030082 -3.2650803 -3.2151668 -3.1877184 -3.2179273 -3.2243793 -3.1756099
-9999.0000 -9999.0000 -9999.0000 -9999.0000 -9999.0000 -9999.0000 -9999.0000 -9999.0000 -9999.0000 -9999.0000 -9999.0000 -9999.0000 -9999.0000 -9999.0000 -9999.0000 -9999.0000 -9999.0000 -9999.0000 -9999.0000 -9999.0000 -9999.0000 -9999.0000 -9999.0000 -3.2889295 -3.2969782 -3.3092810 -3.3441938 -3.4088449 -3.4167630 -3.4204256 -3.4289398 -3.4698914 -3.4684924 -3.4720436 -3.4651195 -3.4576133 -3.4584802 -3.4564141 -3.4498903 -3.4485398 -3.4058623 -3.3833986 -3.3810249 -3.3665508 -3.3255751 -3.3138263 -3.3172181 -3.2890829 -3.2706049 -3.2474752 -3.2323524 -3.2117705 -3.1935671 -3.1811628 -3.2026945 -3.2383867 -3.1213850
-9999.0000 -9999.0000 -9999.0000 -9999.0000 -9999.0000 -9999.0000 -9999.0000 -9999.0000 -9999.0000 -9999.0000 -9999.0000 -9999.0000 -9999.0000 -9999.0000 -9999.0000 -9999.0000 -9999.0000 -9999.0000 -9999.0000 -9999.0000 -9999.0000 -3.2821525 -3.2452666 -3.2816464 -3.2939369 -3.3516297 -3.3809715 -3.4195569 -3.4674701 -3.4781119 -3.4709103 -3.4886496 -3.4852344 -3.4842331 -3.4787807 -3.4670105 -3.4540562 -3.4414949 -3.4215848 -3.4294395 -3.4419246 -3.4051220 -3.3771938 -3.3596710 -3.3390573 -3.3321040 -3.3182305 -3.2735199 -3.2608944 -3.2638738 -3.2735283 -3.2365570 -3.2021691 -3.1787849 -3.1851152 -3.1735967 -3.1582515
-9999.0000 -9999.0000 -9999.0000 -9999.0000 -9999.0000 -9999.0000 -9999.0000 -9999.0000 -9999.0000 -9999.0000 -9999.0000 -9999.0000 -9999.0000 -9999.0000 -9999.0000 -9999.0000 -9999.0000 -9999.0000 -9999.0000 -9999.0000 -3.4071717 -3.3631541 -3.3019787 -3.3045518 -3.3435996 -3.3836327 -3.4085328 -3.4081431 -3.4286432 -3.4779748 -3.4868521 -3.4843392 -3.4872513 -3.4921429 -3.5025282 -3.5052495 -3.4918808 -3.4731423 -3.4519056 -3.4372391 -3.4039423 -3.3771503 -3.3666792 -3.3740216 -3.3487165 -3.3281304 -3.3149558 -3.2899502 -3.2835730 -3.2917298 -3.2967706 -3.2814946 -3.2108059 -3.1876786 -3.2024736 -3.1648032 -3.1701017
-9999.0000 -9999.0000 -9999.0000 -9999.0000 -9999.0000 -9999.0000 -9999.0000 -9999.0000 -9999.0000 -9999.0000 -9999.0000 -9999.0000 -9999.0000 -9999.0000 -9999.0000 -9999.0000 -9999.0000 -9999.0000 -9999.0000 -9999.0000 -3.3950773 -3.4265292 -3.3571985 -3.3328940 -3.3642298 -3.3971357 -3.4211773 -3.4571624 -3.4643014 -3.4840920 -3.4847796 -3.4901477 -3.5033435 -3.5048795 -3.5012686 -3.4939863 -3.4880274 -3.4898176 -3.4891236 -3.4665672 -3.4354007 -3.4170094 -3.4110883 -3.4183135 -3.4074120 -3.3874160 -3.3670331 -3.3098521 -3.2939826 -3.3220395 -3.3203188 -3.2858110 -3.2286421 -3.2145111 -3.2197731 -3.1878646 -3.1587405
-9999.0000 -9999.0000 -9999.0000 -9999.0000 -9999.0000 -9999.0000 -9999.0000 -9999.0000 -9999.0000 -9999.0000 -9999.0000 -9999.0000 -9999.0000 -9999.0000 -9999.0000 -9999.0000 -9999.0000 -9999.0000 -9999.0000 -9999.0000 -9999.0000 -3.4366829 -3.4151542 -3.3722767 -3.3795227 -3.3830201 -3.4169801 -3.4659089 -3.4798354 -3.4910310 -3.4918894 -3.5002773 -3.5117047 -3.5076619 -3.4913235 -3.4801918 -3.4817250 -3.4846139 -3.4842025 -3.4781680 -3.4789621 -3.4762045 -3.4553191 -3.4406411 -3.4268886 -3.4253787 -3.4178651 -3.3623093 -3.3371985 -3.3584687 -3.3646582 -3.3174267 -3.2605727 -3.2309584 -3.2146405 -3.1996892 -3.1491096
-9999.0000 -9999.0000 -9999.0000 -9999.0000 -9999.0000 -9999.0000 -9999.0000 -9999.0000 -9999.0000 -9999.0000 -9999.0000 -9999.0000 -9999.0000 -9999.0000 -9999.0000 -9999.0000 -9999.0000 -9999.0000 -9999.0000 -9999.0000 -9999.0000 -3.4219156 -3.4275725 -3.3967445 -3.3806050 -3.3858254 -3.4104139 -3.4586345 -3.4760335 -3.4786631 -3.4979950 -3.5034279 -3.5062821 -3.5089381 -3.5060092 -3.5075472 -3.5112979 -3.5036987 -3.5006700 -3.4974116 -3.4838979 -3.4747657 -3.4649600 -3.4550961 -3.4428681 -3.4405731 -3.4414724 -3.4206578 -3.4068608 -3.4206367 -3.4266667 -3.3622090 -3.3271463 -3.2666334 -3.2106435 -3.1810721 -3.1771261
-9999.0000 -9999.0000 -9999.0000 -9999.0000 -9999.0000 -9999.0000 -9999.0000 -9999.0000 -9999.0000 -9999.0000 -9999.0000 -9999.0000 -9999.0000 -9999.0000 -9999.0000 -9999.0000 -9999.0000 -9999.0000 -9999.0000 -9999.0000 -9999.0000 -3.4022385 -3.4271739 -3.4118991 -3.3716775 -3.3787504 -3.4050551 -3.4517906 -3.4665869 -3.4757244 -3.4833241 -3.4848504 -3.4842841 -3.4923663 -3.5092659 -3.5239342 -3.5346779 -3.5244131 -3.5075320 -3.4896087 -3.5000521 -3.5088300 -3.5026046 -3.4917550 -3.4726823 -3.4710858 -3.4629794 -3.4501366 -3.4497470 -3.4467084 -3.4564806 -3.4409905 -3.3893196 -3.3026395 -3.2564345 -3.1869569 -3.1594866
-9999.0000 -9999.0000 -9999.0000 -9999.0000 -9999.0000 -9999.0000 -9999.0000 -9999.0000 -9999.0000 -9999.0000 -9999.0000 -9999.0000 -9999.0000 -9999.0000 -9999.0000 -9999.0000 -9999.0000 -9999.0000 -9999.0000 -9999.0000 -3.3846444 -3.3762784 -3.4013014 -3.4148310 -3.3985097 -3.3947202 -3.4127827 -3.4302575 -3.4692141 -3.4871471 -3.4925980 -3.4891884 -3.4906867 -3.4953852 -3.5099248 -3.5151584 -3.5227866 -3.5275079 -3.5171196 -3.5073125 -3.5152636 -3.5230652 -3.5216984 -3.5189487 -3.5164894 -3.5332225 -3.5235468 -3.5051740 -3.5198758 -3.5181556 -3.5169982 -3.4774537 -3.4207683 -3.3712836 -3.2748137 -3.2158311 -3.1890461
-9999.0000 -9999.0000 -9999.0000 -9999.0000 -9999.0000 -9999.0000 -9999.0000 -9999.0000 -9999.0000 -9999.0000 -9999.0000 -9999.0000 -9999.0000 -9999.0000 -9999.0000 -9999.0000 -9999.0000 -9999.0000 -9999.0000 -3.4199884 -3.4221568 -3.3823402 -3.3798545 -3.4059055 -3.4223092 -3.4218498 -3.4311213 -3.4407996 -3.4787504 -3.5037814 -3.5170380 -3.5197343 -3.5285643 -3.5339239 -3.5387435 -3.5273345 -3.5072277 -3.5069200 -3.5191042 -3.5251949 -3.5207618 -3.5222361 -3.5284719 -3.5397684 -3.5492117 -3.5655835 -3.5602492 -3.5660008 -3.5721742 -3.5725874 -3.5595541 -3.5107430 -3.4409320 -3.3812788 -3.2781838 -9999.0000 -9999.0000
-9999.0000 -9999.0000 -9999.0000 -9999.0000 -9999.0000 -9999.0000 -9999.0000 -9999.0000 -9999.0000 -9999.0000 -9999.0000 -9999.0000 -9999.0000 -9999.0000 -9999.0000 -9999.0000 -9999.0000 -3.2121071 -3.2834094 -3.3882137 -3.4447537 -3.4437995 -3.4153241 -3.3993015 -3.4158832 -3.4238768 -3.4228956 -3.4374572 -3.4774697 -3.5006841 -3.5252631 -3.5411837 -3.5466863 -3.5423723 -3.5424555 -3.5365197 -3.5223789 -3.5148299 -3.5177382 -3.5315391 -3.5336855 -3.5369066 -3.5484832 -3.5624855 -3.5794924 -3.5667170 -3.5722850 -3.5887309 -3.6048986 -3.6030646 -3.5901568 -3.5390058 -3.4910679 -3.3880069 -9999.0000 -9999.0000 -9999.0000
-9999.0000 -9999.0000 -9999.0000 -9999.0000 -9999.0000 -9999.0000 -9999.0000 -9999.0000 -9999.0000 -9999.0000 -9999.0000 -9999.0000 -9999.0000 -9999.0000 -9999.0000 -3.1044647 -3.1306914 -3.1596484 -3.2017902 -3.2807993 -3.3920788 -3.4309177 -3.4144643 -3.3949511 -3.4038451 -3.4231516 -3.4214432 -3.4295614 -3.4596959 -3.5024435 -3.5132109 -3.5272489 -3.5384064 -3.5374635 -3.5486523 -3.5559557 -3.5543954 -3.5467612 -3.5360566 -3.5339142 -3.5407246 -3.5457935 -3.5621985 -3.5720656 -3.5871352 -3.5809957 -3.5774038 -3.5828564 -3.5797365 -3.5796143 -3.5620678 -3.5158684 -3.4533595 -9999.0000 -9999.0000 -9999.0000 -9999.0000
-9999.0000 -9999.0000 -9999.0000 -9999.0000 -9999.0000 -9999.0000 -9999.0000 -9999.0000 -9999.0000 -9999.0000 -9999.0000 -9999.0000 -9999.0000 -9999.0000 -2.9553053 -2.9773812 -3.0150909 -3.0828651 -3.1313008 -3.2075298 -3.3104355 -3.3550784 -3.3736423 -3.3795891 -3.3900892 -3.4029161 -3.4157842 -3.4319492 -3.4584614 -3.5033806 -3.5006153 -3.5008289 -3.5184158 -3.5335145 -3.5395657 -3.5452453 -3.5556094 -3.5561184 -3.5504558 -3.5502098 -3.5605067 -3.5697146 -3.5727894 -3.5745979 -3.6128482 -3.6366067 -3.6417538 -3.6365515 -3.6089954 -3.5802790 -3.5395621 -3.5051543 -3.4769959 -9999.0000 -9999.0000 -9999.0000 -9999.0000
-9999.0000 -9999.0000 -9999.0000 -9999.0000 -9999.0000 -9999.0000 -9999.0000 -9999.0000 -9999.0000 -9999.0000 -9999.0000 -9999.0000 -9999.0000 -9999.0000 -9999.0000 -9999.0000 -9999.0000 -9999.0000 -3.1027073 -3.1664903 -3.2161155 -3.2620557 -3.3021087 -3.3514296 -3.3653696 -3.3852327 -3.4111124 -3.4342538 -3.4440785 -3.4563740 -3.4913517 -3.4968578 -3.5107625 -3.5264802 -3.5311086 -3.5417541 -3.5556335 -3.5669100 -3.5628911 -3.5634212 -3.5693087 -3.5681897 -3.5693894 -3.6091804 -3.6327331 -3.6425676 -3.6503056 -3.6469739 -3.6351996 -3.6180081 -3.5944619 -9999.0000 -9999.0000 -9999.0000 -9999.0000 -9999.0000 -9999.0000
-9999.0000 -9999.0000 -9999.0000 -9999.0000 -9999.0000 -9999.0000 -9999.0000 -9999.0000 -9999.0000 -9999.0000 -9999.0000 -9999.0000 -9999.0000 -9999.0000 -9999.0000 -9999.0000 -9999.0000 -9999.0000 -9999.0000 -9999.0000 -3.1931293 -3.2261778 -3.2611680 -3.3353222 -3.3754119 -3.4075020 -3.4369452 -3.4461636 -3.4425668 -3.4436895 -3.4526441 -3.4895870 -3.5092963 -3.5345750 -3.5445539 -3.5509655 -3.5624927 -3.5721291 -3.5695073 -3.5818557 -3.5903574 -3.5833011 -3.5900339 -3.6229904 -3.6205903 -3.6279480 -3.6458392 -3.6540999 -3.6567680 -3.6540575 -9999.0000 -9999.0000 -9999.0000 -9999.0000 -9999.0000 -9999.0000 -9999.0000
-9999.0000 -9999.0000 -9999.0000 -9999.0000 -9999.0000 -9999.0000 -9999.0000 -9999.0000 -9999.0000 -9999.0000 -9999.0000 -9999.0000 -9999.0000 -9999.0000 -9999.0000 -9999.0000 -9999.0000 -9999.0000 -9999.0000 -9999.0000 -9999.0000 -9999.0000 -9999.0000 -9999.0000 -9999.0000 -3.3890536 -3.4171405 -3.4456740 -3.4560550 -3.4592640 -3.4639778 -3.4756704 -3.5159195 -3.5321174 -3.5437072 -3.5530313 -3.5594505 -3.5602752 -3.5661301 -3.5756415 -3.5657294 -3.5712682 -3.6224254 -3.6400032 -3.6475972 -3.6593590 -3.6662607 -3.6706503 -9999.0000 -9999.0000 -9999.0000 -9999.0000 -9999.0000 -9999.0000 -9999.0000 -9999.0000 -9999.0000
-9999.0000 -9999.0000 -9999.0000 -9999.0000 -9999.0000 -9999.0000 -9999.0000 -9999.0000 -9999.0000 -9999.0000 -9999.0000 -9999.0000 -9999.0000 -9999.0000 -9999.0000 -9999.0000 -9999.0000 -9999.0000 -9999.0000 -9999.0000 -9999.0000 -9999.0000 -9999.0000 -9999.0000 -9999.0000 -3.4085979 -3.4520757 -3.4878378 -3.5173674 -3.5304121 -3.5627644 -3.5718105 -3.5798733 -3.5892323 -3.6001976 -3.6151343 -3.6091881 -3.6029736 -3.5980690 -3.5814148 -3.5948647 -3.6530419 -3.6754117 -3.6994908 -3.7196787 -9999.0000 -9999.0000 -9999.0000 -9999.0000 -9999.0000 -9999.0000 -9999.0000 -9999.0000 -9999.0000 -9999.0000 -9999.0000 -9999.0000
-9999.0000 -9999.0000 -9999.0000 -9999.0000 -9999.0000 -9999.0000 -9999.0000 -9999.0000 -9999.0000 -9999.0000 -9999.0000 -9999.0000 -9999.0000 -9999.0000 -9999.0000 -9999.0000 -9999.0000 -9999.0000 -9999.0000 -9999.0000 -9999.0000 -9999.0000 -9999.0000 -9999.0000 -9999.0000 -3.4148980 -3.4790349 -3.5238424 -3.5545225 -3.5757442 -3.6150022 -3.6295548 -3.6559673 -3.6740823 -3.6996111 -3.7053388 -3.7067814 -3.6981975 -3.6867341 -3.6956791 -3.7298537 -3.7421096 -3.7326235 -9999.0000 -9999.0000 -9999.0000 -9999.0000 -9999.0000 -9999.0000 -9999.0000 -9999.0000 -9999.0000 -9999.0000 -9999.0000 -9999.0000 -9999.0000 -9999.0000
-9999.0000 -9999.0000 -9999.0000 -9999.0000 -9999.0000 -9999.0000 -9999.0000 -9999.0000 -9999.0000 -9999.0000 -9999.0000 -9999.0000 -9999.0000 -9999.0000 -9999.0000 -9999.0000 -9999.0000 -9999.0000 -9999.0000 -9999.0000 -9999.0000 -9999.0000 -9999.0000 -9999.0000 -3.1619167 -3.2562403 -3.3454943 -3.4534567 -3.4821088 -3.4905930 -3.5068854 -3.5359678 -3.6095460 -3.6335999 -3.6392676 -3.6386301 -3.6376048 -3.6334469 -3.6199536 -3.6495638 -3.7168489 -9999.0000 -9999.0000 -9999.0000 -9999.0000 -9999.0000 -9999.0000 -9999.0000 -9999.0000 -9999.0000 -9999.0000 -9999.0000 -9999.0000 -9999.0000 -9999.0000 -9999.0000 -9999.0000
