data/glamos/distributed_mass_balance_grids/tortin/2025_win_obs.grid
ncols        131
nrows        142
xllcorner    2589430.000000000000
yllcorner    1102910.000000000000
cellsize     10.000000000000
NODATA_value  -9999
[rows 50 to 74 of 142, columns 0 to 56 of 131]
-9999.0000 -9999.0000 -9999.0000 -9999.0000 -9999.0000 -9999.0000 -9999.0000 -9999.0000 -9999.0000 -9999.0000 -9999.0000 -9999.0000 -9999.0000 -9999.0000 -9999.0000 -9999.0000 -9999.0000 -9999.0000 -9999.0000 -9999.0000 -9999.0000 0.66344089 0.63324450 0.64379459 -9999.0000 -9999.0000 -9999.0000 -9999.0000 -9999.0000 0.71237652 0.71185181 0.71088059 0.70921725 0.70507269 0.70787544 0.71619737 0.72437248 0.73147564 0.74009575 0.74951669 0.75641231 0.75719038 0.75371802 0.74764901 0.74137482 0.73869797 0.74000235 0.74515870 0.74737738 0.74676508 0.74672379 0.76279613 0.77393096 0.77954612 0.78762935 0.82395291 0.86113328
-9999.0000 -9999.0000 -9999.0000 -9999.0000 -9999.0000 -9999.0000 -9999.0000 -9999.0000 -9999.0000 -9999.0000 -9999.0000 -9999.0000 -9999.0000 -9999.0000 -9999.0000 -9999.0000 -9999.0000 -9999.0000 -9999.0000 -9999.0000 -9999.0000 -9999.0000 0.67066952 0.63097823 0.63790038 0.68254507 0.70745825 0.71976261 0.72427174 0.72091199 0.71821995 0.71478619 0.71315247 0.71291065 0.71508830 0.72250948 0.73070005 0.73835614 0.74826290 0.75869429 0.76692672 0.76660581 0.76047381 0.75404361 0.74856986 0.74652889 0.74517690 0.74734370 0.75171739 0.75572371 0.75448569 0.76047145 0.77524210 0.78481019 0.79431693 0.81781812 0.85924995
-9999.0000 -9999.0000 -9999.0000 -9999.0000 -9999.0000 -9999.0000 -9999.0000 -9999.0000 -9999.0000 -9999.0000 -9999.0000 -9999.0000 -9999.0000 -9999.0000 -9999.0000 -9999.0000 -9999.0000 -9999.0000 -9999.0000 -9999.0000 -9999.0000 -9999.0000 0.73000017 0.67436548 0.64533740 0.67620350 0.70424591 0.71281523 0.71743646 0.71849644 0.72001651 0.71921194 0.71820403 0.72056455 0.72363808 0.72897918 0.73607097 0.74395133 0.75542725 0.76673086 0.77535278 0.77284509 0.76441352 0.75923665 0.75477643 0.75376201 0.75189746 0.75138496 0.75706746 0.76156847 0.76126707 0.76120610 0.77296176 0.78807826 0.80501527 0.82456873 0.85777968
-9999.0000 -9999.0000 -9999.0000 -9999.0000 -9999.0000 -9999.0000 -9999.0000 -9999.0000 -9999.0000 -9999.0000 -9999.0000 -9999.0000 -9999.0000 -9999.0000 -9999.0000 -9999.0000 -9999.0000 -9999.0000 -9999.0000 -9999.0000 -9999.0000 -9999.0000 0.74258340 0.72935854 0.69972534 0.70018937 0.70405387 0.70619996 0.70856544 0.71108796 0.71420976 0.71983650 0.72365274 0.72734343 0.72950781 0.73426220 0.74223835 0.75083244 0.76109277 0.76968619 0.77748194 0.77585644 0.76511684 0.76262578 0.76114278 0.76153977 0.76184494 0.76117143 0.76485511 0.76889442 0.76950660 0.76650716 0.77176561 0.78659199 0.80884887 0.83227868 0.85692075
-9999.0000 -9999.0000 -9999.0000 -9999.0000 -9999.0000 -9999.0000 -9999.0000 -9999.0000 -9999.0000 -9999.0000 -9999.0000 -9999.0000 -9999.0000 -9999.0000 -9999.0000 -9999.0000 -9999.0000 -9999.0000 -9999.0000 -9999.0000 -9999.0000 -9999.0000 -9999.0000 0.74889884 0.73670157 0.72305838 0.71239731 0.70728432 0.70603266 0.70780019 0.71057226 0.71665780 0.72432237 0.73220592 0.73658603 0.74067299 0.74883836 0.75925335 0.76992378 0.77197895 0.77064898 0.77177333 0.76372438 0.76294149 0.76410054 0.76677879 0.76949035 0.77040101 0.77257273 0.77556504 0.77464654 0.77220472 0.77294019 0.78523946 0.80196240 0.82641572 0.85725857
-9999.0000 -9999.0000 -9999.0000 -9999.0000 -9999.0000 -9999.0000 -9999.0000 -9999.0000 -9999.0000 -9999.0000 -9999.0000 -9999.0000 -9999.0000 -9999.0000 -9999.0000 -9999.0000 -9999.0000 -9999.0000 -9999.0000 -9999.0000 -9999.0000 -9999.0000 -9999.0000 0.73963768 0.74164755 0.73100053 0.72214943 0.71734961 0.71251893 0.71024752 0.71154483 0.71511807 0.72146504 0.73210785 0.74177572 0.74931905 0.75731922 0.77004300 0.77766209 0.76938489 0.75306378 0.75837724 0.76031175 0.76234076 0.76603066 0.77033251 0.77553331 0.77825276 0.78004038 0.78193455 0.77989470 0.77687081 0.77744549 0.78640701 0.80131930 0.82602501 0.85980815
-9999.0000 -9999.0000 -9999.0000 -9999.0000 -9999.0000 -9999.0000 -9999.0000 -9999.0000 -9999.0000 -9999.0000 -9999.0000 -9999.0000 -9999.0000 -9999.0000 -9999.0000 -9999.0000 -9999.0000 -9999.0000 -9999.0000 -9999.0000 -9999.0000 -9999.0000 -9999.0000 0.72625165 0.73431915 0.72774558 0.72837326 0.72615797 0.72062056 0.71614763 0.71486725 0.71708217 0.72055703 0.72992263 0.74041203 0.75275084 0.76351382 0.77651876 0.78158945 0.76232013 0.73079061 0.73074719 0.74800002 0.75711359 0.76754665 0.77451624 0.78136317 0.78389156 0.78451885 0.78626448 0.78693135 0.78353056 0.78085554 0.78767592 0.80571558 0.83270639 0.87962205
-9999.0000 -9999.0000 -9999.0000 -9999.0000 -9999.0000 -9999.0000 -9999.0000 -9999.0000 -9999.0000 -9999.0000 -9999.0000 -9999.0000 -9999.0000 -9999.0000 -9999.0000 -9999.0000 -9999.0000 -9999.0000 -9999.0000 -9999.0000 -9999.0000 -9999.0000 -9999.0000 0.71012572 0.73057815 0.72777349 0.72783019 0.73142471 0.72933282 0.72362963 0.71904913 0.72080394 0.72490623 0.73156135 0.73822054 0.74842670 0.76348868 0.77944362 0.77821473 0.75541925 0.71896405 0.70866735 0.72939781 0.74878701 0.76754777 0.77778202 0.78591274 0.78835795 0.78916617 0.79180250 0.79456673 0.79217662 0.78621802 0.78865874 0.80811578 0.84060699 0.89503553
-9999.0000 -9999.0000 -9999.0000 -9999.0000 -9999.0000 -9999.0000 -9999.0000 -9999.0000 -9999.0000 -9999.0000 -9999.0000 -9999.0000 -9999.0000 -9999.0000 -9999.0000 -9999.0000 -9999.0000 -9999.0000 -9999.0000 -9999.0000 -9999.0000 -9999.0000 -9999.0000 0.69210030 0.72169663 0.72960581 0.72538553 0.72504421 0.72893637 0.73176715 0.72686917 0.72530494 0.72769110 0.73164175 0.73576908 0.74330159 0.75921166 0.77688770 0.76904622 0.74310837 0.70480268 0.68839322 0.70795438 0.73960042 0.76733319 0.78370348 0.79428987 0.79562718 0.79470023 0.79539550 0.79671011 0.79536287 0.79068232 0.79097402 0.80541499 0.83955610 0.89587331
-9999.0000 -9999.0000 -9999.0000 -9999.0000 -9999.0000 -9999.0000 -9999.0000 -9999.0000 -9999.0000 -9999.0000 -9999.0000 -9999.0000 -9999.0000 -9999.0000 -9999.0000 -9999.0000 -9999.0000 -9999.0000 -9999.0000 -9999.0000 0.74700792 0.72482470 0.69498428 0.69172120 0.71049267 0.72809874 0.72503440 0.72128743 0.72080885 0.72901200 0.73538035 0.73547809 0.73223538 0.73192100 0.73643852 0.74556212 0.75886664 0.77103026 0.75435902 0.72508324 0.69161527 0.68038445 0.69665612 0.73136403 0.76771396 0.79319756 0.80682134 0.80561070 0.80127093 0.79860234 0.79788345 0.79677624 0.79463338 0.79381788 0.80162943 0.83912112 0.90269466
-9999.0000 -9999.0000 -9999.0000 -9999.0000 -9999.0000 -9999.0000 -9999.0000 -9999.0000 -9999.0000 -9999.0000 -9999.0000 -9999.0000 -9999.0000 -9999.0000 -9999.0000 -9999.0000 -9999.0000 -9999.0000 -9999.0000 0.76391539 0.74622757 0.73471421 0.71950473 0.71114088 0.70889014 0.72375896 0.72902123 0.72442791 0.71771114 0.72078193 0.73481486 0.74528164 0.74266316 0.73542364 0.73668220 0.74833024 0.75918113 0.76549108 0.74985256 0.71991922 0.69211859 0.68363727 0.69477586 0.71839184 0.75708930 0.79297892 0.81013636 0.81360430 0.80978774 0.80412586 0.79934507 0.79786516 0.79806428 0.79714502 0.80412594 0.84389186 0.90631461
-9999.0000 -9999.0000 -9999.0000 -9999.0000 -9999.0000 -9999.0000 -9999.0000 -9999.0000 -9999.0000 -9999.0000 -9999.0000 -9999.0000 -9999.0000 -9999.0000 -9999.0000 -9999.0000 -9999.0000 -9999.0000 -9999.0000 0.77273842 0.74809779 0.73811016 0.73587376 0.72910618 0.71860326 0.72128857 0.72960072 0.72953562 0.72104817 0.71830005 0.72829010 0.74094323 0.74582619 0.74560407 0.74466487 0.74909739 0.75623740 0.76140110 0.76028319 0.74621862 0.72675254 0.70996201 0.70599326 0.71041901 0.74235264 0.77974239 0.79833324 0.81164727 0.81469256 0.81071589 0.80484211 0.80346087 0.80534350 0.80213249 0.80764797 0.85422275 0.91307997
-9999.0000 -9999.0000 -9999.0000 -9999.0000 -9999.0000 -9999.0000 -9999.0000 -9999.0000 -9999.0000 -9999.0000 -9999.0000 -9999.0000 -9999.0000 -9999.0000 -9999.0000 -9999.0000 -9999.0000 -9999.0000 0.81346583 0.79274383 0.76412981 0.74307918 0.73704723 0.73432856 0.72788838 0.72418925 0.72751111 0.73229988 0.72746696 0.72106118 0.72266925 0.73067609 0.73940468 0.74789231 0.75389412 0.75762903 0.75646514 0.75733131 0.76220451 0.76664409 0.76743331 0.75448808 0.74397658 0.73539906 0.74197255 0.76175465 0.77712227 0.80564461 0.81836459 0.81810054 0.81118872 0.81062710 0.81320165 0.80755240 0.81043068 0.85553598 0.91460883
-9999.0000 -9999.0000 -9999.0000 -9999.0000 -9999.0000 -9999.0000 -9999.0000 -9999.0000 -9999.0000 -9999.0000 -9999.0000 -9999.0000 -9999.0000 -9999.0000 -9999.0000 -9999.0000 -9999.0000 -9999.0000 -9999.0000 0.81193701 0.78621947 0.75686305 0.73901520 0.73774434 0.73394925 0.72999098 0.72680455 0.73193569 0.73353925 0.72698638 0.72265242 0.72578016 0.73353955 0.74405193 0.75666689 0.76715250 0.76863813 0.76196730 0.75934740 0.76533488 0.77431000 0.77733944 0.77614477 0.77586885 0.77153500 0.77735186 0.78973405 0.81057111 0.81968172 0.81897488 0.81358324 0.81407642 0.81741859 0.81167974 0.81327266 0.84707490 0.90277803
-9999.0000 -9999.0000 -9999.0000 -9999.0000 -9999.0000 -9999.0000 -9999.0000 -9999.0000 -9999.0000 -9999.0000 -9999.0000 -9999.0000 -9999.0000 -9999.0000 -9999.0000 -9999.0000 -9999.0000 -9999.0000 -9999.0000 -9999.0000 0.80508447 0.77353304 0.74623918 0.74028144 0.73793749 0.73541856 0.73134665 0.73132655 0.73457660 0.73113392 0.72455403 0.72651638 0.73453238 0.74487285 0.75896695 0.76912168 0.76999610 0.76746173 0.76383265 0.76305746 0.76851837 0.77366122 0.77886026 0.78976932 0.79844467 0.80540392 0.81450030 0.81984267 0.82019798 0.81794130 0.81315807 0.81366476 0.81827193 0.81588924 0.81527658 0.83432418 0.87568417
-9999.0000 -9999.0000 -9999.0000 -9999.0000 -9999.0000 -9999.0000 -9999.0000 -9999.0000 -9999.0000 -9999.0000 -9999.0000 -9999.0000 -9999.0000 -9999.0000 -9999.0000 -9999.0000 -9999.0000 -9999.0000 -9999.0000 -9999.0000 0.81305636 0.79070860 0.76249692 0.75088699 0.74614816 0.74272320 0.73729821 0.73337841 0.73249088 0.73334078 0.73062461 0.72967364 0.73659437 0.74745053 0.76109735 0.76819116 0.76475780 0.76433892 0.76938650 0.77149093 0.77204681 0.77350805 0.77768805 0.78844966 0.80253684 0.81557622 0.82191086 0.81978834 0.82038973 0.82062790 0.81752697 0.81366740 0.81650700 0.82078396 0.81705952 0.81732771 0.84295702
-9999.0000 -9999.0000 -9999.0000 -9999.0000 -9999.0000 -9999.0000 -9999.0000 -9999.0000 -9999.0000 -9999.0000 -9999.0000 -9999.0000 -9999.0000 -9999.0000 -9999.0000 -9999.0000 -9999.0000 -9999.0000 -9999.0000 -9999.0000 -9999.0000 0.80469661 0.77661781 0.76146631 0.75455712 0.75194579 0.74367202 0.73561781 0.73161308 0.73300963 0.73717054 0.73529709 0.73880435 0.74859125 0.76150264 0.76707700 0.76290645 0.76289134 0.76820858 0.77579752 0.78145972 0.78076766 0.77959054 0.78591376 0.79831180 0.80896258 0.81698367 0.81778189 0.82153744 0.82200809 0.82039441 0.81794246 0.81766129 0.82417881 0.82552150 0.81590711 0.81818498
-9999.0000 -9999.0000 -9999.0000 -9999.0000 -9999.0000 -9999.0000 -9999.0000 -9999.0000 -9999.0000 -9999.0000 -9999.0000 -9999.0000 -9999.0000 -9999.0000 -9999.0000 -9999.0000 -9999.0000 -9999.0000 -9999.0000 -9999.0000 -9999.0000 -9999.0000 0.79221614 0.76405830 0.75899679 0.75823325 0.75220222 0.74058657 0.73365206 0.73404781 0.74013986 0.74464878 0.74531720 0.75181451 0.76140471 0.76827670 0.76974056 0.76680980 0.76912799 0.77324057 0.78276238 0.79074222 0.79213152 0.79244467 0.79590970 0.80310179 0.81068850 0.81795921 0.82427745 0.82621765 0.82363414 0.82300795 0.82343478 0.82924506 0.83275731 0.82887417 0.82293870
-9999.0000 -9999.0000 -9999.0000 -9999.0000 -9999.0000 -9999.0000 -9999.0000 -9999.0000 -9999.0000 -9999.0000 -9999.0000 -9999.0000 -9999.0000 -9999.0000 -9999.0000 -9999.0000 -9999.0000 -9999.0000 -9999.0000 -9999.0000 -9999.0000 -9999.0000 0.81169502 0.77502837 0.76107624 0.76457891 0.76082515 0.74860425 0.73751734 0.73722650 0.74244295 0.75121031 0.75434800 0.75464700 0.76049961 0.76819505 0.77390984 0.77472227 0.77259154 0.77371417 0.77841832 0.78999123 0.79636833 0.79945089 0.80094129 0.80569878 0.81331833 0.81775234 0.82212252 0.82700804 0.82578024 0.82298896 0.82492985 0.83142391 0.83563490 0.83861353 0.83477581
-9999.0000 -9999.0000 -9999.0000 -9999.0000 -9999.0000 -9999.0000 -9999.0000 -9999.0000 -9999.0000 -9999.0000 -9999.0000 -9999.0000 -9999.0000 -9999.0000 -9999.0000 -9999.0000 -9999.0000 -9999.0000 -9999.0000 -9999.0000 -9999.0000 -9999.0000 -9999.0000 0.79785321 0.77279374 0.76430375 0.75861788 0.75189336 0.74460376 0.74260916 0.74503894 0.75291564 0.75939205 0.76096858 0.76229079 0.76909100 0.77513654 0.78024411 0.77783369 0.77536014 0.77630459 0.78469638 0.79376154 0.79784242 0.80381339 0.81271114 0.81805363 0.81800767 0.81899196 0.82526421 0.82916571 0.82671212 0.82496762 0.83078053 0.83607533 0.84208344 0.84569196
-9999.0000 -9999.0000 -9999.0000 -9999.0000 -9999.0000 -9999.0000 -9999.0000 -9999.0000 -9999.0000 -9999.0000 -9999.0000 -9999.0000 -9999.0000 -9999.0000 -9999.0000 -9999.0000 -9999.0000 -9999.0000 -9999.0000 -9999.0000 -9999.0000 -9999.0000 -9999.0000 -9999.0000 0.78983985 0.76378033 0.75033709 0.75252887 0.75262475 0.75124948 0.74946452 0.75315674 0.75877690 0.76347577 0.76598538 0.77061392 0.77544400 0.78265149 0.78242659 0.77926482 0.77605723 0.77868673 0.78920090 0.79934320 0.80719144 0.81463627 0.82085274 0.82066285 0.81862407 0.82272441 0.82794389 0.82839929 0.82712623 0.82940779 0.83502498 0.84075975 0.84914901
-9999.0000 -9999.0000 -9999.0000 -9999.0000 -9999.0000 -9999.0000 -9999.0000 -9999.0000 -9999.0000 -9999.0000 -9999.0000 -9999.0000 -9999.0000 -9999.0000 -9999.0000 -9999.0000 -9999.0000 -9999.0000 -9999.0000 -9999.0000 -9999.0000 -9999.0000 -9999.0000 -9999.0000 0.79804866 0.77443726 0.74935139 0.75561619 0.76034634 0.76102122 0.75623156 0.75683522 0.76184377 0.76690808 0.77191764 0.77516098 0.77965225 0.78555340 0.78780333 0.78440450 0.77992196 0.77772922 0.78451249 0.79834122 0.81185331 0.81977875 0.82851773 0.83345981 0.83074700 0.82479956 0.82590148 0.82828564 0.82898541 0.83103192 0.83461726 0.83894000 0.84653400
-9999.0000 -9999.0000 -9999.0000 -9999.0000 -9999.0000 -9999.0000 -9999.0000 -9999.0000 -9999.0000 -9999.0000 -9999.0000 -9999.0000 -9999.0000 -9999.0000 -9999.0000 -9999.0000 -9999.0000 -9999.0000 -9999.0000 -9999.0000 -9999.0000 -9999.0000 -9999.0000 -9999.0000 -9999.0000 0.78813514 0.76661186 0.76168298 0.76208160 0.76193639 0.75779050 0.75830768 0.76315422 0.76818770 0.77207105 0.77581206 0.78172515 0.78615270 0.78920333 0.78864905 0.78352039 0.77936198 0.78011769 0.79216846 0.80841490 0.82212730 0.83369719 0.84341736 0.84445782 0.83820208 0.83070961 0.82781594 0.82839546 0.82894994 0.83222611 0.83927472 0.84639748
-9999.0000 -9999.0000 -9999.0000 -9999.0000 -9999.0000 -9999.0000 -9999.0000 -9999.0000 -9999.0000 -9999.0000 -9999.0000 -9999.0000 -9999.0000 -9999.0000 -9999.0000 -9999.0000 -9999.0000 -9999.0000 -9999.0000 -9999.0000 -9999.0000 -9999.0000 -9999.0000 -9999.0000 -9999.0000 0.79213759 0.77736504 0.76258694 0.75999742 0.75902184 0.75654009 0.75691549 0.76071243 0.76638813 0.77062648 0.77336053 0.77823835 0.78206438 0.78699347 0.78986254 0.78855275 0.78692227 0.78646966 0.79107432 0.79819085 0.81637102 0.83300474 0.84593746 0.84895483 0.84886448 0.84447858 0.83768750 0.82971779 0.82712611 0.82873203 0.83700778 0.84616494
-9999.0000 -9999.0000 -9999.0000 -9999.0000 -9999.0000 -9999.0000 -9999.0000 -9999.0000 -9999.0000 -9999.0000 -9999.0000 -9999.0000 -9999.0000 -9999.0000 -9999.0000 -9999.0000 -9999.0000 -9999.0000 -9999.0000 -9999.0000 -9999.0000 -9999.0000 -9999.0000 -9999.0000 -9999.0000 -9999.0000 0.78013788 0.76458362 0.76075739 0.76218416 0.76069178 0.76093938 0.76451321 0.77062075 0.77362583 0.77771087 0.78068487 0.78341544 0.78940056 0.79324884 0.79549222 0.79789082 0.79925209 0.79963571 0.79866043 0.81126126 0.82928904 0.84593255 0.85319256 0.85617812 0.85793799 0.85759246 0.85088945 0.83932564 0.83098480 0.83267328 0.84139236
