data/glamos/distributed_mass_balance_grids/tortin/2025_ann_obs.grid
ncols        131
nrows        142
xllcorner    2589430.000000000000
yllcorner    1102910.000000000000
cellsize     10.000000000000
NODATA_value  -9999
[rows 75 to 99 of 142, columns 0 to 56 of 131]
-9999.0000 -9999.0000 -9999.0000 -9999.0000 -9999.0000 -9999.0000 -9999.0000 -9999.0000 -9999.0000 -9999.0000 -9999.0000 -9999.0000 -9999.0000 -9999.0000 -9999.0000 -9999.0000 -9999.0000 -9999.0000 -9999.0000 -9999.0000 -9999.0000 -9999.0000 -9999.0000 -9999.0000 -9999.0000 -3.0588242 -3.0612772 -3.0660607 -3.0619319 -3.0485156 -3.0426041 -3.0397848 -3.0360671 -3.0366079 -3.0365909 -3.0242161 -3.0075844 -2.9608858 -2.9499193 -2.9297842 -2.9024484 -2.8835220 -2.8641216 -2.8288448 -2.8696330 -2.9140919 -2.9174277 -2.9099988 -2.8843505 -2.8442586 -2.8264941 -2.8056853 -2.7384598 -2.7287657 -2.6914528 -2.6224389 -2.5280684
-9999.0000 -9999.0000 -9999.0000 -9999.0000 -9999.0000 -9999.0000 -9999.0000 -9999.0000 -9999.0000 -9999.0000 -9999.0000 -9999.0000 -9999.0000 -9999.0000 -9999.0000 -9999.0000 -9999.0000 -9999.0000 -9999.0000 -9999.0000 -9999.0000 -9999.0000 -9999.0000 -9999.0000 -3.0246610 -3.0635712 -3.0774508 -3.0798646 -3.0691459 -3.0592793 -3.0550598 -3.0461326 -3.0419071 -3.0389666 -3.0353543 -3.0269787 -2.9742181 -2.9440448 -2.9319206 -2.9306925 -2.9149772 -2.8894820 -2.8602030 -2.8075030 -2.8115517 -2.8504869 -2.8884935 -2.9026281 -2.8896360 -2.8505911 -2.8314392 -2.8170541 -2.7494400 -2.6999598 -2.6524369 -2.6262178 -2.5608901
-9999.0000 -9999.0000 -9999.0000 -9999.0000 -9999.0000 -9999.0000 -9999.0000 -9999.0000 -9999.0000 -9999.0000 -9999.0000 -9999.0000 -9999.0000 -9999.0000 -9999.0000 -9999.0000 -9999.0000 -9999.0000 -9999.0000 -9999.0000 -9999.0000 -9999.0000 -9999.0000 -9999.0000 -3.0332572 -3.0853888 -3.0979811 -3.0971207 -3.0849012 -3.0747468 -3.0671458 -3.0633939 -3.0545034 -3.0372428 -3.0226532 -2.9817969 -2.9687724 -2.9502238 -2.9374031 -2.9258471 -2.9082376 -2.8797178 -2.8456407 -2.7887040 -2.7632264 -2.7872016 -2.8339078 -2.8800109 -2.8927616 -2.8578853 -2.8491738 -2.8338966 -2.7558715 -2.6925306 -2.6322145 -2.5864093 -2.5389356
-9999.0000 -9999.0000 -9999.0000 -9999.0000 -9999.0000 -9999.0000 -9999.0000 -9999.0000 -9999.0000 -9999.0000 -9999.0000 -9999.0000 -9999.0000 -9999.0000 -9999.0000 -9999.0000 -9999.0000 -9999.0000 -9999.0000 -9999.0000 -9999.0000 -9999.0000 -9999.0000 -9999.0000 -3.0844680 -3.1070857 -3.1151082 -3.1097198 -3.0944950 -3.0794439 -3.0698161 -3.0610135 -3.0495346 -3.0347474 -2.9894804 -2.9798619 -2.9803908 -2.9699934 -2.9459165 -2.9206374 -2.8961080 -2.8669493 -2.8108774 -2.7644218 -2.7273707 -2.7329709 -2.7638120 -2.7921093 -2.8222617 -2.8444725 -2.8455334 -2.8016459 -2.7519429 -2.6869143 -2.5984742 -2.5462356 -2.5019186
-9999.0000 -9999.0000 -9999.0000 -9999.0000 -9999.0000 -9999.0000 -9999.0000 -9999.0000 -9999.0000 -9999.0000 -9999.0000 -9999.0000 -9999.0000 -9999.0000 -9999.0000 -9999.0000 -9999.0000 -9999.0000 -9999.0000 -9999.0000 -9999.0000 -9999.0000 -9999.0000 -3.0606844 -3.0997193 -3.1079416 -3.1099821 -3.1031632 -3.0915876 -3.0756097 -3.0564067 -3.0409059 -3.0334571 -2.9836863 -2.9611720 -2.9539894 -2.9533821 -2.9424289 -2.9142968 -2.8921143 -2.8410182 -2.8075447 -2.7794117 -2.7442775 -2.7040402 -2.6613664 -2.6795683 -2.7109776 -2.7483777 -2.7573934 -2.7708708 -2.7674979 -2.7288769 -2.6462868 -2.5865966 -2.5322161 -2.4811703
-9999.0000 -9999.0000 -9999.0000 -9999.0000 -9999.0000 -9999.0000 -9999.0000 -9999.0000 -9999.0000 -9999.0000 -9999.0000 -9999.0000 -9999.0000 -9999.0000 -9999.0000 -9999.0000 -9999.0000 -9999.0000 -9999.0000 -9999.0000 -9999.0000 -9999.0000 -9999.0000 -9999.0000 -3.1038425 -3.1100148 -3.1118674 -3.1055284 -3.0887149 -3.0673867 -3.0435016 -3.0226808 -3.0078150 -2.9578296 -2.9395213 -2.9302371 -2.9200207 -2.9018388 -2.8518362 -2.8296762 -2.7991769 -2.7667121 -2.7442048 -2.7178176 -2.6796075 -2.6287540 -2.6339792 -2.6286363 -2.6574536 -2.6850266 -2.6843515 -2.6774975 -2.6555259 -2.6173531 -2.5709797 -2.5112342 -2.4484861
-9999.0000 -9999.0000 -9999.0000 -9999.0000 -9999.0000 -9999.0000 -9999.0000 -9999.0000 -9999.0000 -9999.0000 -9999.0000 -9999.0000 -9999.0000 -9999.0000 -9999.0000 -9999.0000 -9999.0000 -9999.0000 -9999.0000 -9999.0000 -9999.0000 -9999.0000 -9999.0000 -3.0142856 -3.0808736 -3.0972741 -3.1053830 -3.1015138 -3.0788184 -3.0465638 -3.0218658 -3.0051886 -2.9859054 -2.9441595 -2.9332826 -2.9118010 -2.8607896 -2.8366079 -2.8197460 -2.7977005 -2.7668879 -2.7063775 -2.6803763 -2.6851464 -2.6367076 -2.6063087 -2.6049148 -2.5879927 -2.6005467 -2.6031762 -2.6248666 -2.6173681 -2.6043016 -2.5788754 -2.5395013 -2.4860316 -2.4125687
-9999.0000 -9999.0000 -9999.0000 -9999.0000 -9999.0000 -9999.0000 -9999.0000 -9999.0000 -9999.0000 -9999.0000 -9999.0000 -9999.0000 -9999.0000 -9999.0000 -9999.0000 -9999.0000 -9999.0000 -9999.0000 -9999.0000 -9999.0000 -9999.0000 -9999.0000 -2.9580349 -2.9946796 -3.0129016 -3.0129846 -3.0171660 -3.0573322 -3.0497762 -3.0346393 -2.9843767 -2.9722114 -2.9615266 -2.9585715 -2.9468821 -2.9092112 -2.8397496 -2.8031109 -2.7519177 -2.7293635 -2.7087522 -2.6774327 -2.6561169 -2.6337780 -2.5931118 -2.5585597 -2.5485554 -2.5805879 -2.6013852 -2.5814932 -2.5735430 -2.5624263 -2.5483328 -2.5164272 -2.4602587 -2.4257976 -2.3901999
-9999.0000 -9999.0000 -9999.0000 -9999.0000 -9999.0000 -9999.0000 -9999.0000 -9999.0000 -9999.0000 -9999.0000 -9999.0000 -9999.0000 -9999.0000 -9999.0000 -9999.0000 -9999.0000 -9999.0000 -9999.0000 -9999.0000 -9999.0000 -9999.0000 -2.8603775 -2.8940688 -2.9607517 -2.9787759 -2.9759944 -2.9686217 -2.9740587 -2.9848987 -2.9879023 -2.9732562 -2.9538026 -2.9483252 -2.9484369 -2.9780000 -2.9147635 -2.8289100 -2.7476065 -2.7054058 -2.6723041 -2.6509409 -2.6414799 -2.6305680 -2.5924588 -2.5432356 -2.4927500 -2.5172199 -2.5596902 -2.5754322 -2.5395059 -2.4859180 -2.4653229 -2.4512168 -2.4231046 -2.3905959 -2.3593920 -2.3251506
-9999.0000 -9999.0000 -9999.0000 -9999.0000 -9999.0000 -9999.0000 -9999.0000 -9999.0000 -9999.0000 -9999.0000 -9999.0000 -9999.0000 -9999.0000 -9999.0000 -9999.0000 -9999.0000 -9999.0000 -9999.0000 -9999.0000 -9999.0000 -2.7425673 -2.8009898 -2.8325677 -2.9043614 -2.9358724 -2.9379404 -2.9297918 -2.9206167 -2.9327115 -2.9387479 -2.9327426 -2.9193145 -2.8797025 -2.8903884 -2.8927538 -2.8810996 -2.7991977 -2.7017614 -2.6237784 -2.5955887 -2.5854203 -2.5783584 -2.5716901 -2.5409871 -2.4752744 -2.4349368 -2.4598100 -2.5115045 -2.4965725 -2.4534231 -2.4097870 -2.3544239 -2.3362656 -2.3190438 -2.2936463 -2.2637392 -2.2315669
-9999.0000 -9999.0000 -9999.0000 -9999.0000 -9999.0000 -9999.0000 -9999.0000 -9999.0000 -9999.0000 -9999.0000 -9999.0000 -9999.0000 -9999.0000 -9999.0000 -9999.0000 -9999.0000 -9999.0000 -2.7457957 -2.7287583 -9999.0000 -2.6916353 -2.7456517 -2.7825349 -2.8403455 -2.8600475 -2.8745439 -2.8765872 -2.8708357 -2.8513662 -2.8615722 -2.8588457 -2.8488094 -2.8371387 -2.8127689 -2.7969569 -2.7895989 -2.7562790 -2.6702823 -2.5902690 -2.5623932 -2.5517922 -2.5266533 -2.4988606 -2.4644112 -2.4109296 -2.3259033 -2.3261443 -2.3967922 -2.4109642 -2.3850122 -2.3019007 -2.2314691 -2.2020807 -2.2086155 -2.2032541 -2.1725673 -2.1421964
-9999.0000 -9999.0000 -9999.0000 -9999.0000 -9999.0000 -9999.0000 -9999.0000 -9999.0000 -9999.0000 -9999.0000 -9999.0000 -9999.0000 -9999.0000 -9999.0000 -9999.0000 -9999.0000 -9999.0000 -2.6247014 -2.6196075 -2.6598844 -2.6814609 -2.7260023 -2.7610754 -2.7783071 -2.7764142 -2.7760684 -2.7810240 -2.7873025 -2.7898502 -2.7918913 -2.7909936 -2.7854295 -2.7799588 -2.7393306 -2.7182116 -2.6981938 -2.6734190 -2.6350680 -2.5781479 -2.5399950 -2.4987219 -2.4701393 -2.4440383 -2.4083453 -2.3250078 -2.2350366 -2.1765002 -2.2414988 -2.2838934 -2.2716520 -2.1883846 -2.1047013 -2.0585307 -2.0618880 -2.0817222 -2.0725359 -2.0138425
-9999.0000 -9999.0000 -9999.0000 -9999.0000 -9999.0000 -9999.0000 -9999.0000 -9999.0000 -9999.0000 -9999.0000 -9999.0000 -9999.0000 -9999.0000 -9999.0000 -9999.0000 -9999.0000 -9999.0000 -2.4132444 -2.4933221 -2.6219445 -2.7135741 -2.7391770 -2.7458180 -2.7340107 -2.7020321 -2.7238287 -2.7234315 -2.7026329 -2.7041913 -2.7032450 -2.7031046 -2.6976840 -2.6910470 -2.6897975 -2.6784922 -2.6241588 -2.5963334 -2.5704643 -2.5408358 -2.4965462 -2.4407583 -2.4108503 -2.4052484 -2.3751690 -2.3039546 -2.1882779 -2.0952207 -2.1041348 -2.1532763 -2.1258983 -2.0590236 -1.9968401 -1.9426425 -1.9157678 -1.9198464 -1.9230062 -1.8618858
-9999.0000 -9999.0000 -9999.0000 -9999.0000 -9999.0000 -9999.0000 -9999.0000 -9999.0000 -9999.0000 -9999.0000 -9999.0000 -9999.0000 -9999.0000 -9999.0000 -9999.0000 -9999.0000 -2.2061560 -2.3568574 -2.4893803 -2.6084729 -2.6896385 -2.6785401 -2.6556914 -2.6506906 -2.6584882 -2.6622584 -2.6530785 -2.6466480 -2.6513585 -2.6656752 -2.6757345 -2.6736371 -2.6419484 -2.6343087 -2.6180734 -2.5899418 -2.5553125 -2.5320457 -2.4959098 -2.4630449 -2.4087831 -2.4098778 -2.3919398 -2.3628004 -2.2808253 -2.1571325 -2.0413833 -2.0023486 -2.0137963 -1.9721012 -1.9209917 -1.8802538 -1.8409226 -1.7816943 -1.7451284 -1.7129356 -1.6705362
-9999.0000 -9999.0000 -9999.0000 -9999.0000 -9999.0000 -9999.0000 -9999.0000 -9999.0000 -9999.0000 -9999.0000 -9999.0000 -9999.0000 -9999.0000 -9999.0000 -9999.0000 -9999.0000 -2.0406086 -2.2003864 -2.3484931 -2.4852924 -2.5625871 -2.5916917 -2.5588020 -2.5654079 -2.5813394 -2.5856610 -2.5861526 -2.5798715 -2.5730540 -2.5846857 -2.6119528 -2.6255212 -2.6090779 -2.5852031 -2.5417215 -2.5147222 -2.4912680 -2.4550428 -2.4223329 -2.3876871 -2.3576283 -2.3359713 -2.3134617 -2.2766745 -2.2088307 -2.0492833 -1.9195857 -1.8471815 -1.8694121 -1.8440173 -1.7951299 -1.7777334 -1.7191833 -1.6516834 -1.5592939 -1.4790244 -1.4071593
-9999.0000 -9999.0000 -9999.0000 -9999.0000 -9999.0000 -9999.0000 -9999.0000 -9999.0000 -9999.0000 -9999.0000 -9999.0000 -9999.0000 -9999.0000 -9999.0000 -9999.0000 -9999.0000 -1.7934622 -1.9533945 -2.1479763 -2.3350191 -2.4045313 -2.4774366 -2.4942712 -2.4869139 -2.5283022 -2.5402262 -2.5488531 -2.5459594 -2.5288514 -2.4763603 -2.4713539 -2.5002494 -2.5472629 -2.5142400 -2.4914716 -2.4623491 -2.4047126 -2.3690438 -2.3553713 -2.3223840 -2.3012772 -2.2785632 -2.2444411 -2.2056970 -2.1197139 -1.9841955 -1.8149745 -1.7212491 -1.7240641 -1.7241048 -1.6963162 -1.6407456 -1.5740686 -1.4665509 -1.3582275 -1.2792836 -1.1620917
-9999.0000 -9999.0000 -9999.0000 -9999.0000 -9999.0000 -9999.0000 -9999.0000 -9999.0000 -9999.0000 -9999.0000 -9999.0000 -9999.0000 -9999.0000 -9999.0000 -9999.0000 -9999.0000 -1.6071642 -1.8287193 -2.0909860 -2.2364347 -2.3166988 -2.3799635 -2.3968396 -2.4035394 -2.4264369 -2.4350319 -2.4415650 -2.4481078 -2.4464496 -2.4163958 -2.3564248 -2.3656327 -2.4342432 -2.4645542 -2.3999055 -2.3457471 -2.2819402 -2.2563443 -2.2599681 -2.2355970 -2.2166869 -2.1923185 -2.1615148 -2.1216476 -2.0586881 -1.9396199 -1.7792433 -1.6761235 -1.6658996 -1.6400898 -1.5950849 -1.5247605 -1.4389533 -1.3340514 -1.2394875 -1.1242270 -0.97114185
-9999.0000 -9999.0000 -9999.0000 -9999.0000 -9999.0000 -9999.0000 -9999.0000 -9999.0000 -9999.0000 -9999.0000 -9999.0000 -9999.0000 -9999.0000 -9999.0000 -9999.0000 -9999.0000 -1.8293300 -1.8783045 -2.0880845 -2.1594389 -2.2032112 -2.2677108 -2.3118096 -2.3003576 -2.3029056 -2.2991641 -2.3005604 -2.2818361 -2.3241212 -2.3436533 -2.3113075 -2.2934506 -2.3046818 -2.3304664 -2.2702505 -2.2040473 -2.1690781 -2.1557361 -2.1589884 -2.1403956 -2.1419558 -2.1140950 -2.0687892 -2.0330234 -1.9758746 -1.8857455 -1.7618579 -1.6577130 -1.6425432 -1.6075449 -1.5466517 -1.4732848 -1.3819620 -1.2791772 -1.1715950 -0.98595109 -9999.0000
-9999.0000 -9999.0000 -9999.0000 -9999.0000 -9999.0000 -9999.0000 -9999.0000 -9999.0000 -9999.0000 -9999.0000 -9999.0000 -9999.0000 -9999.0000 -9999.0000 -9999.0000 -9999.0000 -1.8995455 -1.8503666 -1.9547064 -1.9914332 -2.0567629 -2.1343644 -2.1868621 -2.1925790 -2.1770585 -2.1525861 -2.1756393 -2.1627586 -2.1804167 -2.2286400 -2.2315105 -2.2115637 -2.1837496 -2.1709889 -2.1489955 -2.1043982 -2.0768305 -2.0576620 -2.0601334 -2.0472105 -2.0400813 -2.0136437 -1.9869056 -1.9617593 -1.9136922 -1.8498319 -1.7131867 -1.6143182 -1.6083143 -1.5694260 -1.5097452 -1.4244659 -1.3543870 -1.2402924 -1.0712329 -0.88399889 -9999.0000
-9999.0000 -9999.0000 -9999.0000 -9999.0000 -9999.0000 -9999.0000 -9999.0000 -9999.0000 -9999.0000 -9999.0000 -9999.0000 -9999.0000 -9999.0000 -9999.0000 -9999.0000 -9999.0000 -1.7246541 -1.6823443 -1.7556533 -1.8325398 -1.8770359 -1.9223121 -2.0017126 -2.0623897 -2.0368437 -1.9999134 -1.9986091 -2.0099669 -2.0238041 -2.0328342 -2.0537559 -2.0623089 -2.0438264 -2.0225137 -2.0163748 -1.9994701 -1.9780833 -1.9629473 -1.9482109 -1.9462267 -1.9425813 -1.9342044 -1.9131777 -1.8897364 -1.8516186 -1.7752965 -1.6789364 -1.5842980 -1.5581081 -1.5157232 -1.4262973 -1.3400371 -1.2471701 -1.1415632 -0.97256536 -0.83720995 -9999.0000
-9999.0000 -9999.0000 -9999.0000 -9999.0000 -9999.0000 -9999.0000 -9999.0000 -9999.0000 -9999.0000 -9999.0000 -9999.0000 -9999.0000 -9999.0000 -9999.0000 -9999.0000 -9999.0000 -1.4855264 -1.4330068 -1.4740684 -1.5555306 -1.5975332 -1.6500695 -1.7437081 -1.8083824 -1.8568639 -1.8469437 -1.8161318 -1.8176748 -1.8495909 -1.8632732 -1.8643502 -1.8794895 -1.8801122 -1.8600049 -1.8578075 -1.8549824 -1.8459847 -1.8359647 -1.8430444 -1.8430903 -1.8535577 -1.8538209 -1.8407229 -1.8312197 -1.8065959 -1.7399171 -1.6356969 -1.5477142 -1.5011480 -1.4292722 -1.3156837 -1.2013660 -1.0777029 -0.98306644 -0.90682397 -0.88402468 -0.91682639
-9999.0000 -9999.0000 -9999.0000 -9999.0000 -9999.0000 -9999.0000 -9999.0000 -9999.0000 -9999.0000 -9999.0000 -9999.0000 -9999.0000 -9999.0000 -9999.0000 -9999.0000 -9999.0000 -1.1849692 -1.1521296 -1.1817508 -1.2420516 -1.3081421 -1.4090694 -1.4828213 -1.5765091 -1.6579376 -1.6797813 -1.5794853 -1.5039703 -1.5477305 -1.5926307 -1.5908393 -1.6333482 -1.6658732 -1.6692778 -1.6680284 -1.6784687 -1.6727023 -1.6847653 -1.7317077 -1.7786215 -1.7681337 -1.7614208 -1.7479162 -1.7266646 -1.7131911 -1.6728694 -1.5910698 -1.4915355 -1.4408183 -1.3333436 -1.1996025 -1.0616899 -0.96329289 -0.90525164 -0.92734421 -0.98443513 -1.0136077
-9999.0000 -9999.0000 -9999.0000 -9999.0000 -9999.0000 -9999.0000 -9999.0000 -9999.0000 -9999.0000 -9999.0000 -9999.0000 -9999.0000 -9999.0000 -9999.0000 -9999.0000 -9999.0000 -0.89090155 -0.88713356 -0.94771463 -1.0150919 -1.0672906 -1.1620698 -1.2730220 -1.3575043 -1.4034084 -1.3849124 -1.3363549 -9999.0000 -1.3475330 -9999.0000 -9999.0000 -1.2183373 -1.3232446 -1.3933463 -1.3690803 -1.3276869 -1.4111470 -1.5407779 -1.6073999 -1.6452475 -1.6712564 -1.6762066 -1.6345359 -1.6049761 -1.5948801 -1.5856015 -1.5313429 -1.4346353 -1.3369182 -1.2540627 -1.1213373 -0.99930434 -0.91572079 -0.91246683 -0.98063682 -1.0522362 -1.0968786
-9999.0000 -9999.0000 -9999.0000 -9999.0000 -9999.0000 -9999.0000 -9999.0000 -9999.0000 -9999.0000 -9999.0000 -9999.0000 -9999.0000 -9999.0000 -9999.0000 -9999.0000 -9999.0000 -9999.0000 -0.63565772 -0.67305727 -0.80900037 -0.84576018 -0.89538760 -0.97654706 -1.0572880 -1.0673508 -1.1099111 -9999.0000 -9999.0000 -9999.0000 -9999.0000 -9999.0000 -9999.0000 -1.0296816 -0.95139120 -1.0076904 -1.1348894 -1.2486783 -1.3489220 -1.4187867 -1.5057433 -1.5785673 -1.6035766 -1.5801853 -1.5249267 -1.4864976 -1.4747473 -1.4356488 -1.3263792 -1.2147570 -1.1075806 -1.0157905 -0.92835091 -0.90612643 -0.94339500 -1.0052648 -1.0773881 -1.1257183
-9999.0000 -9999.0000 -9999.0000 -9999.0000 -9999.0000 -9999.0000 -9999.0000 -9999.0000 -9999.0000 -9999.0000 -9999.0000 -9999.0000 -9999.0000 -9999.0000 -9999.0000 -9999.0000 -9999.0000 -9999.0000 -0.51909064 -0.47720388 -0.55518030 -0.58992324 -0.63519960 -0.66044919 -0.73168801 -0.83903240 -0.97610039 -9999.0000 -9999.0000 -9999.0000 -9999.0000 -9999.0000 -9999.0000 -9999.0000 -0.77538717 -0.93981587 -1.0277025 -1.0860847 -1.2049839 -1.3241740 -1.4227364 -1.4786187 -1.5088680 -1.4750988 -1.4103585 -1.3674496 -1.3078397 -1.2207185 -1.1037437 -0.97677714 -0.86781377 -0.83946620 -0.88215969 -0.93742090 -1.0227173 -1.0935898 -1.1258847
