data/glamos/distributed_mass_balance_grids/tortin/2025_ann_obs.grid
ncols        131
nrows        142
xllcorner    2589430.000000000000
yllcorner    1102910.000000000000
cellsize     10.000000000000
NODATA_value  -9999
[rows 50 to 74 of 142, columns 0 to 56 of 131]
-9999.0000 -9999.0000 -9999.0000 -9999.0000 -9999.0000 -9999.0000 -9999.0000 -9999.0000 -9999.0000 -9999.0000 -9999.0000 -9999.0000 -9999.0000 -9999.0000 -9999.0000 -9999.0000 -9999.0000 -9999.0000 -9999.0000 -9999.0000 -9999.0000 -3.1444114 -3.2078149 -3.2062457 -9999.0000 -9999.0000 -9999.0000 -9999.0000 -9999.0000 -3.0177585 -3.0129191 -2.9869439 -2.9690800 -2.9619077 -2.9357529 -2.8766664 -2.8446519 -2.7888072 -2.7422851 -2.6970736 -2.6360643 -2.6352494 -2.6416681 -2.6453543 -2.6490722 -2.6818776 -2.6397532 -2.6176601 -2.6138360 -2.6078959 -2.5940255 -2.5252004 -2.4835214 -2.4605278 -2.4201186 -2.3471846 -2.2810319
-9999.0000 -9999.0000 -9999.0000 -9999.0000 -9999.0000 -9999.0000 -9999.0000 -9999.0000 -9999.0000 -9999.0000 -9999.0000 -9999.0000 -9999.0000 -9999.0000 -9999.0000 -9999.0000 -9999.0000 -9999.0000 -9999.0000 -9999.0000 -9999.0000 -9999.0000 -3.1326092 -3.2114338 -3.2141283 -3.1331633 -3.0703907 -3.0329453 -2.9983707 -2.9862192 -2.9789198 -2.9640396 -2.9361490 -2.9132246 -2.8692946 -2.8318754 -2.7694342 -2.7442819 -2.7087498 -2.6390247 -2.5989372 -2.5974697 -2.6108108 -2.6202500 -2.6219300 -2.6236634 -2.6320650 -2.6269846 -2.6153415 -2.6079369 -2.5905623 -2.5545412 -2.4802568 -2.4199815 -2.3996290 -2.3624674 -2.2761656
-9999.0000 -9999.0000 -9999.0000 -9999.0000 -9999.0000 -9999.0000 -9999.0000 -9999.0000 -9999.0000 -9999.0000 -9999.0000 -9999.0000 -9999.0000 -9999.0000 -9999.0000 -9999.0000 -9999.0000 -9999.0000 -9999.0000 -9999.0000 -9999.0000 -9999.0000 -3.0454898 -3.1287595 -3.1903924 -3.1322792 -3.1039672 -3.0554470 -3.0140752 -2.9789254 -2.9519573 -2.9100706 -2.8853257 -2.8464842 -2.7838818 -2.7589975 -2.7346345 -2.7074006 -2.6478714 -2.6017432 -2.5592169 -2.5786890 -2.5860694 -2.5937443 -2.6002801 -2.6022034 -2.6159737 -2.6233965 -2.6067195 -2.5920577 -2.5849390 -2.5646659 -2.4979665 -2.4241593 -2.3752334 -2.3407520 -2.2858518
-9999.0000 -9999.0000 -9999.0000 -9999.0000 -9999.0000 -9999.0000 -9999.0000 -9999.0000 -9999.0000 -9999.0000 -9999.0000 -9999.0000 -9999.0000 -9999.0000 -9999.0000 -9999.0000 -9999.0000 -9999.0000 -9999.0000 -9999.0000 -9999.0000 -9999.0000 -3.0044164 -3.0361945 -3.0845917 -3.0840771 -3.0625355 -3.0530271 -3.0303160 -2.9987992 -2.9600724 -2.8993639 -2.8665655 -2.7977466 -2.7735785 -2.7483847 -2.7171539 -2.6466753 -2.6190459 -2.5914846 -2.5557415 -2.5549920 -2.5774334 -2.5697039 -2.5707396 -2.5773970 -2.5807813 -2.5825864 -2.5723351 -2.5367513 -2.5277802 -2.5512959 -2.5005175 -2.4146103 -2.3256183 -2.2948510 -2.2852247
-9999.0000 -9999.0000 -9999.0000 -9999.0000 -9999.0000 -9999.0000 -9999.0000 -9999.0000 -9999.0000 -9999.0000 -9999.0000 -9999.0000 -9999.0000 -9999.0000 -9999.0000 -9999.0000 -9999.0000 -9999.0000 -9999.0000 -9999.0000 -9999.0000 -9999.0000 -9999.0000 -2.9780351 -2.9907911 -3.0169679 -3.0229502 -3.0297335 -3.0266685 -3.0036956 -2.9634101 -2.8894170 -2.8412095 -2.7808627 -2.7541927 -2.7257700 -2.6638100 -2.6199760 -2.5891415 -2.5859541 -2.5797849 -2.5453803 -2.5643811 -2.5541321 -2.5564817 -2.5391700 -2.5322030 -2.5302213 -2.5291241 -2.5153487 -2.5118697 -2.5017306 -2.4794311 -2.3880306 -2.3122241 -2.2629355 -2.2529311
-9999.0000 -9999.0000 -9999.0000 -9999.0000 -9999.0000 -9999.0000 -9999.0000 -9999.0000 -9999.0000 -9999.0000 -9999.0000 -9999.0000 -9999.0000 -9999.0000 -9999.0000 -9999.0000 -9999.0000 -9999.0000 -9999.0000 -9999.0000 -9999.0000 -9999.0000 -9999.0000 -2.9914658 -2.9785142 -2.9790172 -2.9942300 -2.9944072 -2.9938493 -2.9802544 -2.9536733 -2.8893849 -2.8423266 -2.7690813 -2.7245714 -2.6626849 -2.6351387 -2.6012213 -2.5728956 -2.5694405 -2.5767520 -2.5646452 -2.5542374 -2.5174830 -2.5192349 -2.5271964 -2.5284429 -2.5238303 -2.5183810 -2.5145607 -2.5150229 -2.5040533 -2.4537533 -2.3779430 -2.2860799 -2.1877913 -2.1326435
-9999.0000 -9999.0000 -9999.0000 -9999.0000 -9999.0000 -9999.0000 -9999.0000 -9999.0000 -9999.0000 -9999.0000 -9999.0000 -9999.0000 -9999.0000 -9999.0000 -9999.0000 -9999.0000 -9999.0000 -9999.0000 -9999.0000 -9999.0000 -9999.0000 -9999.0000 -9999.0000 -3.0278404 -2.9866904 -2.9783091 -2.9618419 -2.9512167 -2.9455247 -2.9323747 -2.9176515 -2.8945714 -2.8584530 -2.7822961 -2.7201620 -2.6427553 -2.6180486 -2.5984338 -2.5591591 -2.5914320 -2.6390837 -2.6281942 -2.5767582 -2.5623267 -2.5360074 -2.5458093 -2.5518009 -2.5563724 -2.5586021 -2.5413872 -2.5180396 -2.4943725 -2.4618847 -2.3622595 -2.2609930 -2.1486715 -2.0144248
-9999.0000 -9999.0000 -9999.0000 -9999.0000 -9999.0000 -9999.0000 -9999.0000 -9999.0000 -9999.0000 -9999.0000 -9999.0000 -9999.0000 -9999.0000 -9999.0000 -9999.0000 -9999.0000 -9999.0000 -9999.0000 -9999.0000 -9999.0000 -9999.0000 -9999.0000 -9999.0000 -3.0432169 -2.9895474 -2.9706072 -2.9616305 -2.9441414 -2.9180623 -2.9059885 -2.8975405 -2.8900657 -2.8644922 -2.7950224 -2.7410951 -2.6576597 -2.6111094 -2.5934840 -2.6006862 -2.6166205 -2.6620680 -2.6641498 -2.6499724 -2.6136440 -2.6047106 -2.5841675 -2.5935718 -2.5912774 -2.5888237 -2.5722390 -2.5292464 -2.4963005 -2.4409806 -2.3730682 -2.2120606 -2.0631595 -1.9600531
-9999.0000 -9999.0000 -9999.0000 -9999.0000 -9999.0000 -9999.0000 -9999.0000 -9999.0000 -9999.0000 -9999.0000 -9999.0000 -9999.0000 -9999.0000 -9999.0000 -9999.0000 -9999.0000 -9999.0000 -9999.0000 -9999.0000 -9999.0000 -9999.0000 -9999.0000 -9999.0000 -3.0927838 -3.0271272 -2.9882060 -2.9746196 -2.9527718 -2.9262092 -2.9026819 -2.8916248 -2.8855256 -2.8492645 -2.8287665 -2.7939178 -2.7427898 -2.6509495 -2.6025114 -2.6034826 -2.6272494 -2.6938979 -2.7480679 -2.7359571 -2.7354871 -2.6887422 -2.6427890 -2.6334459 -2.6295310 -2.6223526 -2.6039464 -2.5757472 -2.5287953 -2.4456795 -2.3857429 -2.2121570 -2.0280444 -1.9192453
-9999.0000 -9999.0000 -9999.0000 -9999.0000 -9999.0000 -9999.0000 -9999.0000 -9999.0000 -9999.0000 -9999.0000 -9999.0000 -9999.0000 -9999.0000 -9999.0000 -9999.0000 -9999.0000 -9999.0000 -9999.0000 -9999.0000 -9999.0000 -3.0254843 -3.0766139 -3.1270004 -3.1166339 -3.0631886 -3.0148589 -3.0029082 -2.9856903 -2.9687249 -2.9393489 -2.8747704 -2.8474779 -2.8462690 -2.8507414 -2.8321595 -2.7929407 -2.7114495 -2.6516706 -2.6399431 -2.7037063 -2.7858743 -2.8435376 -2.8513709 -2.8238716 -2.7518712 -2.6902758 -2.6807444 -2.6773592 -2.6663457 -2.6521973 -2.6243145 -2.5796862 -2.4906770 -2.4235978 -2.2705770 -2.0686983 -1.8440500
-9999.0000 -9999.0000 -9999.0000 -9999.0000 -9999.0000 -9999.0000 -9999.0000 -9999.0000 -9999.0000 -9999.0000 -9999.0000 -9999.0000 -9999.0000 -9999.0000 -9999.0000 -9999.0000 -9999.0000 -9999.0000 -9999.0000 -2.9505908 -3.0184085 -3.0409875 -3.0743193 -3.0748955 -3.0699124 -3.0413852 -3.0034133 -2.9876401 -2.9765684 -2.9620925 -2.9025963 -2.8647172 -2.8491565 -2.8533090 -2.8544287 -2.8348474 -2.7709585 -2.7295978 -2.7122478 -2.7616915 -2.8362447 -2.8945717 -2.9019904 -2.9141948 -2.8652854 -2.7935002 -2.7407607 -2.7222709 -2.6942588 -2.6704786 -2.6560716 -2.6233112 -2.5790721 -2.4958832 -2.3313289 -2.0467797 -1.8542212
-9999.0000 -9999.0000 -9999.0000 -9999.0000 -9999.0000 -9999.0000 -9999.0000 -9999.0000 -9999.0000 -9999.0000 -9999.0000 -9999.0000 -9999.0000 -9999.0000 -9999.0000 -9999.0000 -9999.0000 -9999.0000 -9999.0000 -2.9190963 -2.9957114 -3.0172569 -3.0179734 -3.0242490 -3.0547350 -3.0486078 -3.0086563 -2.9856546 -2.9720850 -2.9734746 -2.9642530 -2.9154175 -2.8822720 -2.8660613 -2.8674504 -2.8723461 -2.8692300 -2.8485732 -2.7917670 -2.8048629 -2.8172843 -2.8828286 -2.9248285 -2.9620959 -2.9308956 -2.8667870 -2.8243622 -2.7534233 -2.7229196 -2.6979064 -2.6824832 -2.6639152 -2.6139023 -2.5314833 -2.4204820 -2.1445504 -1.8759057
-9999.0000 -9999.0000 -9999.0000 -9999.0000 -9999.0000 -9999.0000 -9999.0000 -9999.0000 -9999.0000 -9999.0000 -9999.0000 -9999.0000 -9999.0000 -9999.0000 -9999.0000 -9999.0000 -9999.0000 -9999.0000 -2.7768848 -2.8271817 -2.9178473 -2.9876561 -3.0068212 -3.0170585 -3.0249848 -3.0446142 -3.0124526 -2.9925890 -2.9884643 -2.9922470 -2.9926820 -2.9955099 -2.9531314 -2.9243026 -2.9098413 -2.9122940 -2.9254460 -2.9278027 -2.9123543 -2.8849945 -2.8265179 -2.8576070 -2.8807393 -2.9130526 -2.9259474 -2.9186811 -2.8614741 -2.7727985 -2.7351635 -2.7167321 -2.7042536 -2.6785692 -2.6265890 -2.5837660 -2.5012126 -2.2457996 -1.9444358
-9999.0000 -9999.0000 -9999.0000 -9999.0000 -9999.0000 -9999.0000 -9999.0000 -9999.0000 -9999.0000 -9999.0000 -9999.0000 -9999.0000 -9999.0000 -9999.0000 -9999.0000 -9999.0000 -9999.0000 -9999.0000 -9999.0000 -2.7999895 -2.8880944 -2.9373038 -2.9959314 -3.0041723 -3.0046167 -3.0031495 -3.0041717 -3.0044867 -3.0077075 -3.0101788 -3.0136302 -3.0222396 -3.0227255 -2.9788301 -2.9611334 -2.9581484 -2.9618888 -2.9753345 -2.9897551 -2.9869465 -2.9651605 -2.9190144 -2.9073948 -2.8864236 -2.8764891 -2.8734845 -2.8543373 -2.7851846 -2.7480511 -2.7259487 -2.7045418 -2.6891257 -2.6466675 -2.6305920 -2.5868084 -2.3672851 -2.0523709
-9999.0000 -9999.0000 -9999.0000 -9999.0000 -9999.0000 -9999.0000 -9999.0000 -9999.0000 -9999.0000 -9999.0000 -9999.0000 -9999.0000 -9999.0000 -9999.0000 -9999.0000 -9999.0000 -9999.0000 -9999.0000 -9999.0000 -9999.0000 -2.8268421 -2.9086168 -2.9757020 -2.9859250 -2.9927971 -3.0020713 -3.0101705 -3.0125606 -3.0101534 -3.0167360 -3.0283860 -3.0273384 -3.0206870 -2.9915309 -2.9770487 -2.9767198 -2.9846629 -2.9935486 -3.0143664 -3.0363633 -3.0410786 -3.0315970 -3.0116194 -2.9361974 -2.8791289 -2.8508162 -2.8446978 -2.8051563 -2.7819442 -2.7513578 -2.7190996 -2.6978197 -2.6584424 -2.6462310 -2.6274722 -2.5041923 -2.2231942
-9999.0000 -9999.0000 -9999.0000 -9999.0000 -9999.0000 -9999.0000 -9999.0000 -9999.0000 -9999.0000 -9999.0000 -9999.0000 -9999.0000 -9999.0000 -9999.0000 -9999.0000 -9999.0000 -9999.0000 -9999.0000 -9999.0000 -9999.0000 -2.8064722 -2.8477072 -2.9254167 -2.9477944 -2.9831675 -2.9945374 -3.0082115 -3.0153297 -3.0219130 -3.0338269 -3.0426974 -3.0413483 -3.0338957 -3.0039149 -2.9871658 -2.9803892 -2.9923653 -2.9967521 -2.9961513 -3.0096522 -3.0273295 -3.0264963 -3.0094544 -2.9478333 -2.8911949 -2.8124220 -2.7950471 -2.8096699 -2.8061063 -2.7817076 -2.7530203 -2.7237534 -2.6978024 -2.6510458 -2.6353276 -2.5895148 -2.4212045
-9999.0000 -9999.0000 -9999.0000 -9999.0000 -9999.0000 -9999.0000 -9999.0000 -9999.0000 -9999.0000 -9999.0000 -9999.0000 -9999.0000 -9999.0000 -9999.0000 -9999.0000 -9999.0000 -9999.0000 -9999.0000 -9999.0000 -9999.0000 -9999.0000 -2.8316256 -2.8976086 -2.9212291 -2.9442778 -2.9611483 -3.0131688 -3.0367576 -3.0508274 -3.0650812 -3.0682912 -3.0623641 -3.0487410 -3.0124395 -2.9944543 -2.9879823 -2.9933504 -2.9970411 -2.9912769 -2.9827088 -2.9494459 -2.9538777 -2.9557723 -2.9446279 -2.9103836 -2.8617550 -2.7898700 -2.7718627 -2.7793569 -2.7860586 -2.7719059 -2.7503266 -2.7242451 -2.6972857 -2.6411995 -2.6477249 -2.5538068
-9999.0000 -9999.0000 -9999.0000 -9999.0000 -9999.0000 -9999.0000 -9999.0000 -9999.0000 -9999.0000 -9999.0000 -9999.0000 -9999.0000 -9999.0000 -9999.0000 -9999.0000 -9999.0000 -9999.0000 -9999.0000 -9999.0000 -9999.0000 -9999.0000 -9999.0000 -2.8939691 -2.9426659 -2.9540356 -2.9753907 -2.9988387 -3.0545250 -3.0752645 -3.0849044 -3.0853729 -3.0772369 -3.0622629 -3.0161460 -2.9948856 -2.9852769 -2.9896632 -2.9938697 -2.9840532 -2.9659769 -2.9159289 -2.8986589 -2.8956022 -2.9087390 -2.9156388 -2.9013181 -2.8627241 -2.7905627 -2.7588024 -2.7553704 -2.7671539 -2.7608875 -2.7385038 -2.6812765 -2.6383496 -2.6154816 -2.5890403
-9999.0000 -9999.0000 -9999.0000 -9999.0000 -9999.0000 -9999.0000 -9999.0000 -9999.0000 -9999.0000 -9999.0000 -9999.0000 -9999.0000 -9999.0000 -9999.0000 -9999.0000 -9999.0000 -9999.0000 -9999.0000 -9999.0000 -9999.0000 -9999.0000 -9999.0000 -2.9115403 -2.9612034 -2.9435434 -2.9587359 -2.9980108 -3.0594035 -3.0888826 -3.0903241 -3.0871694 -3.0759662 -3.0341422 -3.0162610 -2.9969180 -2.9789440 -2.9698577 -2.9629088 -2.9527899 -2.9080027 -2.8916565 -2.8695855 -2.8469550 -2.8451900 -2.8698379 -2.8908582 -2.8817224 -2.8273689 -2.7885144 -2.7585345 -2.7616985 -2.7676868 -2.7605569 -2.6948865 -2.6499605 -2.6119434 -2.5893292
-9999.0000 -9999.0000 -9999.0000 -9999.0000 -9999.0000 -9999.0000 -9999.0000 -9999.0000 -9999.0000 -9999.0000 -9999.0000 -9999.0000 -9999.0000 -9999.0000 -9999.0000 -9999.0000 -9999.0000 -9999.0000 -9999.0000 -9999.0000 -9999.0000 -9999.0000 -9999.0000 -2.9233602 -2.9870031 -2.9984350 -3.0208707 -3.0661943 -3.0880912 -3.0969946 -3.0938496 -3.0805474 -3.0336688 -3.0109654 -2.9958627 -2.9684494 -2.9156582 -2.9026659 -2.8997792 -2.8925908 -2.8825886 -2.8693269 -2.8490444 -2.8295592 -2.8301416 -2.8216291 -2.8445918 -2.8498236 -2.8311645 -2.8001823 -2.7746936 -2.7651221 -2.7594227 -2.7228864 -2.6622756 -2.6212838 -2.5800830
-9999.0000 -9999.0000 -9999.0000 -9999.0000 -9999.0000 -9999.0000 -9999.0000 -9999.0000 -9999.0000 -9999.0000 -9999.0000 -9999.0000 -9999.0000 -9999.0000 -9999.0000 -9999.0000 -9999.0000 -9999.0000 -9999.0000 -9999.0000 -9999.0000 -9999.0000 -9999.0000 -9999.0000 -3.0403492 -3.0493216 -3.0638642 -3.0676323 -3.0833796 -3.0929478 -3.0994597 -3.0947500 -3.0518988 -3.0291249 -2.9972856 -2.9692368 -2.9144630 -2.8972298 -2.8961248 -2.8943656 -2.8913006 -2.8856642 -2.8686275 -2.8448521 -2.8043546 -2.7968829 -2.8108970 -2.8387639 -2.8575317 -2.8451488 -2.8105261 -2.7796133 -2.7446224 -2.7040670 -2.6505792 -2.6199978 -2.5744684
-9999.0000 -9999.0000 -9999.0000 -9999.0000 -9999.0000 -9999.0000 -9999.0000 -9999.0000 -9999.0000 -9999.0000 -9999.0000 -9999.0000 -9999.0000 -9999.0000 -9999.0000 -9999.0000 -9999.0000 -9999.0000 -9999.0000 -9999.0000 -9999.0000 -9999.0000 -9999.0000 -9999.0000 -2.9705066 -3.0202926 -3.0676391 -3.0734453 -3.0568013 -3.0582978 -3.0900214 -3.0880246 -3.0516108 -3.0348409 -3.0082644 -2.9772445 -2.9199704 -2.8998630 -2.8906360 -2.8902749 -2.8876740 -2.8858126 -2.8784115 -2.8592744 -2.8128461 -2.8017257 -2.7878177 -2.7899465 -2.8210085 -2.8418300 -2.8308224 -2.8055459 -2.7533795 -2.6724855 -2.6225872 -2.5878713 -2.5562033
-9999.0000 -9999.0000 -9999.0000 -9999.0000 -9999.0000 -9999.0000 -9999.0000 -9999.0000 -9999.0000 -9999.0000 -9999.0000 -9999.0000 -9999.0000 -9999.0000 -9999.0000 -9999.0000 -9999.0000 -9999.0000 -9999.0000 -9999.0000 -9999.0000 -9999.0000 -9999.0000 -9999.0000 -9999.0000 -3.0378263 -3.0738739 -3.0852455 -3.0884146 -3.0912256 -3.1196837 -3.1156000 -3.0771867 -3.0589779 -3.0410050 -3.0178181 -2.9889591 -2.9391894 -2.9324965 -2.9304836 -2.9290075 -2.9294066 -2.9391789 -2.9305314 -2.9054259 -2.8593562 -2.8359924 -2.8115816 -2.8006220 -2.8115543 -2.8276058 -2.8283918 -2.7811431 -2.7222290 -2.6322916 -2.5684016 -2.5166820
-9999.0000 -9999.0000 -9999.0000 -9999.0000 -9999.0000 -9999.0000 -9999.0000 -9999.0000 -9999.0000 -9999.0000 -9999.0000 -9999.0000 -9999.0000 -9999.0000 -9999.0000 -9999.0000 -9999.0000 -9999.0000 -9999.0000 -9999.0000 -9999.0000 -9999.0000 -9999.0000 -9999.0000 -9999.0000 -3.0789478 -3.1031472 -3.1494272 -3.1516822 -3.1549567 -3.1579626 -3.1607948 -3.1580699 -3.1165848 -3.0992368 -3.0860042 -3.0704837 -3.0534669 -3.0304526 -2.9759684 -2.9533697 -2.9434163 -2.9529120 -2.9685026 -2.9828975 -2.9688603 -2.9174504 -2.8917510 -2.8771236 -2.8690059 -2.8605462 -2.8627114 -2.8269027 -2.7699438 -2.6667147 -2.5875401 -2.5023270
-9999.0000 -9999.0000 -9999.0000 -9999.0000 -9999.0000 -9999.0000 -9999.0000 -9999.0000 -9999.0000 -9999.0000 -9999.0000 -9999.0000 -9999.0000 -9999.0000 -9999.0000 -9999.0000 -9999.0000 -9999.0000 -9999.0000 -9999.0000 -9999.0000 -9999.0000 -9999.0000 -9999.0000 -9999.0000 -9999.0000 -3.0840043 -3.0929989 -3.1209390 -3.0929757 -3.0934611 -3.0942736 -3.0910512 -3.0833677 -3.0763877 -3.0600291 -3.0468872 -3.0411225 -3.0147265 -2.9449702 -2.9071942 -2.8857753 -2.8824148 -2.9041860 -2.9422881 -2.9674152 -2.9424789 -2.9240446 -2.9061852 -2.8618419 -2.8420190 -2.8276825 -2.7930037 -2.7505400 -2.6858053 -2.6069133 -2.5319294
