data/glamos/distributed_mass_balance_grids/tortin/2025_ann_obs.grid
ncols        131
nrows        142
xllcorner    2589430.000000000000
yllcorner    1102910.000000000000
cellsize     10.000000000000
NODATA_value  -9999
[rows 100 to 124 of 142, columns 57 to 113 of 131]
-1.2320447 -1.2859805 -1.2780039 -1.2715814 -1.3198943 -1.3701701 -1.4053689 -1.4584731 -1.4842006 -1.4907338 -1.4768753 -1.4672780 -1.4222167 -1.3597588 -1.2954280 -1.2370195 -1.1990613 -1.0333813 -0.76775869 -0.54067149 -0.45172155 -0.40346352 -0.37877243 -0.36845168 -0.39010255 -0.39682890 -0.32471377 -0.23125167 -0.19971657 -0.23038673 -0.27448750 -0.30291169 -0.28083860 -0.25301614 -0.22900475 -0.23325261 -0.22601125 -0.17292337 -0.045992372 0.081499584 0.20513006 -9999.0000 -9999.0000 -9999.0000 -9999.0000 -9999.0000 -9999.0000 0.31794285 0.46689319 0.32634663 -9999.0000 -9999.0000 -9999.0000 -9999.0000 -9999.0000 -9999.0000 -9999.0000
-1.2560988 -1.2508698 -1.1743582 -1.1886786 -1.2946512 -1.3812454 -1.4237142 -1.4688575 -1.5091015 -1.5265279 -1.5127059 -1.4448515 -1.3801003 -1.3080068 -1.2530163 -1.1942998 -1.1521243 -1.0722948 -0.86310884 -0.58785800 -0.40773632 -0.30474394 -0.22550246 -0.16856922 -0.10865071 -0.041150919 0.0077310747 0.013992138 -0.025641339 -0.11605941 -0.19161899 -0.25737638 -0.29932207 -0.31345873 -0.29703475 -0.26565791 -0.21105060 -0.051712185 0.11149352 0.087128794 -9999.0000 -9999.0000 -9999.0000 -9999.0000 -9999.0000 -9999.0000 -9999.0000 -9999.0000 0.40688574 0.46922867 0.39942082 -9999.0000 -9999.0000 -9999.0000 -9999.0000 -9999.0000 -9999.0000
-1.2163062 -1.1810671 -1.1666595 -1.2478510 -1.3537361 -1.4154050 -1.4565282 -1.5198190 -1.5470239 -1.5019375 -1.4454264 -1.3652007 -1.3045907 -1.2582809 -1.2011620 -1.1492389 -1.0938824 -1.0681285 -0.99304500 -0.75452272 -0.47831439 -0.31017701 -0.18282701 -0.057894313 0.035622498 0.10227399 0.10280784 0.054773612 -0.010180023 -0.091566196 -0.18021265 -0.29121799 -0.37012638 -0.37599104 -0.34014870 -0.27034713 -0.18716921 0.024076428 -0.13144534 -9999.0000 -9999.0000 -9999.0000 -9999.0000 -9999.0000 -9999.0000 -9999.0000 -9999.0000 -9999.0000 0.35586863 0.40925426 0.50092680 0.52527621 0.49973339 -9999.0000 0.52944184 -9999.0000 -9999.0000
-1.1244955 -1.1318508 -1.2221831 -1.3038967 -1.3606088 -1.4126681 -1.4734806 -1.5059448 -1.4868851 -1.3893540 -1.2999154 -1.2685070 -1.2449689 -1.1916568 -1.1305350 -1.0891532 -1.0705897 -1.0538329 -1.0282161 -0.92047766 -0.67338198 -0.41859210 -0.23764611 -0.084776324 0.019760760 0.061199071 0.035519356 -0.026476513 -0.10817287 -0.15554060 -0.20748943 -0.31717943 -0.39325499 -0.37801399 -0.29908635 -0.19506852 -0.068914615 -0.57278207 -1.2986001 -9999.0000 -9999.0000 -9999.0000 -9999.0000 -9999.0000 -9999.0000 0.33943562 0.38476603 0.37652244 0.37903526 0.39945242 0.48849835 0.56884848 0.58001940 0.59138381 0.64699457 0.75310850 0.86702726
-1.0615114 -1.1498426 -1.2218838 -1.2684243 -1.3092912 -1.3466067 -1.3580684 -1.3598272 -1.2940491 -1.1950741 -1.1405925 -1.1679209 -1.1641111 -1.1266305 -1.0612649 -1.0271497 -1.0169364 -1.0154497 -1.0080209 -0.98528754 -0.84866338 -0.58075798 -0.36756445 -0.21499750 -0.11916782 -0.088053228 -0.12586293 -0.19286824 -0.25969952 -0.32143403 -0.35527474 -0.41268471 -0.46855853 -0.44102224 -0.23816678 -0.029030227 -9999.0000 -9999.0000 -9999.0000 -9999.0000 -9999.0000 -9999.0000 -9999.0000 -9999.0000 -9999.0000 -9999.0000 -9999.0000 -9999.0000 -9999.0000 0.36872456 0.48303523 0.56065070 0.58236733 0.62000892 0.67467004 0.79243171 0.92677910
-1.0581511 -1.1517665 -1.2108915 -1.2398508 -1.2589559 -1.2736527 -1.2242861 -1.1471419 -1.0329332 -0.97706967 -0.98559309 -1.0344102 -1.0571133 -1.0458857 -1.0154172 -0.96379769 -0.95502746 -0.97262449 -1.0008101 -0.98348390 -0.90250018 -0.72781364 -0.51473751 -0.36201463 -0.28868059 -0.27179870 -0.30059237 -0.34582939 -0.42023593 -0.52618287 -0.58305722 -0.60252233 -0.55969732 -0.49211935 -0.28160673 -0.0065818273 0.089932491 -9999.0000 -9999.0000 -9999.0000 -9999.0000 -9999.0000 -9999.0000 -9999.0000 -9999.0000 -9999.0000 -9999.0000 -9999.0000 -9999.0000 -9999.0000 0.43028220 0.55671541 0.60321431 0.64179940 0.71596294 0.82945970 0.91965866
-1.0741023 -1.1496660 -1.1780451 -1.1755595 -1.1840984 -1.1813031 -1.0969328 -0.93109849 -0.79628989 -0.77849028 -0.82744143 -0.86390581 -0.91547719 -0.95428165 -0.96003196 -0.95106172 -0.93688214 -0.94926458 -0.97153472 -0.96075480 -0.91462482 -0.82068525 -0.65734155 -0.49872898 -0.42947216 -0.40569754 -0.41238155 -0.45517639 -0.54433820 -0.61847133 -0.57049636 -0.48757027 -0.35755758 -0.27030299 -0.17986921 0.0022702395 0.098076691 -0.77920749 -9999.0000 -9999.0000 -9999.0000 -9999.0000 -9999.0000 -9999.0000 -9999.0000 -9999.0000 -9999.0000 -9999.0000 -9999.0000 -9999.0000 -9999.0000 0.47476805 0.58439901 0.65900910 0.74001632 0.81790943 0.88904880
-1.0539489 -1.1247061 -1.1165236 -1.0786422 -1.0468368 -1.0033135 -0.89419686 -0.75686377 -0.67168062 -0.64709603 -0.68418663 -0.73792238 -0.79510552 -0.83812227 -0.89284014 -0.92751361 -0.90273625 -0.90795652 -0.98085387 -0.99232314 -0.93786747 -0.85346893 -0.76509187 -0.63342946 -0.54618540 -0.50292623 -0.49331910 -0.49776753 -0.48396038 -0.36314411 -0.17092719 0.0091133548 0.081994242 0.089116129 0.079389519 0.12000942 0.17838068 -0.41716169 -9999.0000 -9999.0000 -9999.0000 -9999.0000 -9999.0000 -9999.0000 -9999.0000 -9999.0000 -9999.0000 -0.31095249 -9999.0000 -9999.0000 -9999.0000 0.30849002 0.47870140 0.16467124 -0.32186146 -0.29058539 0.22322373
-0.97223001 -1.0410859 -1.0339642 -0.96343981 -0.89427360 -0.83782792 -0.73886180 -0.66421997 -0.61732640 -0.60104775 -0.61481788 -0.65089789 -0.66659345 -0.71695422 -0.77910530 -0.81664621 -0.83710939 -0.84862052 -0.94406279 -0.98129198 -0.91644433 -0.81613953 -0.77224269 -0.71199779 -0.62318709 -0.56011712 -0.51075179 -0.43783458 -0.26573090 -0.059004377 0.085628615 0.18039079 0.22629361 0.23263935 0.22494317 0.23773997 0.26693656 0.19957208 -9999.0000 -9999.0000 -9999.0000 -9999.0000 -9999.0000 -9999.0000 -9999.0000 -9999.0000 -0.27121020 -0.16325356 -0.086046851 -0.044786038 0.027225849 -9999.0000 0.11095168 -0.72570440 -9999.0000 -9999.0000 -9999.0000
-0.88144168 -0.94989753 -0.95287648 -0.88621983 -0.79861676 -0.69981092 -0.63277931 -0.62408253 -0.60061378 -0.56440385 -0.58121437 -0.58799985 -0.60682955 -0.62105227 -0.64807219 -0.70982697 -0.74864186 -0.75122744 -0.77461915 -0.78306967 -0.71943232 -0.70681945 -0.70398675 -0.70177847 -0.67857623 -0.57406492 -0.45409490 -0.31530717 -0.17413695 -0.043102957 0.046803951 0.13736122 0.20943535 0.25342566 0.26976317 0.28768675 0.30214586 0.26506664 0.15286350 -9999.0000 -0.083787442 -0.050820912 -0.010493867 -0.033548342 -0.10579186 -9999.0000 -0.074040534 -0.0029290221 0.050338899 0.065408102 0.079149156 -9999.0000 -9999.0000 -9999.0000 -9999.0000 -9999.0000 -9999.0000
-0.78764730 -0.86207933 -0.87936357 -0.83291629 -0.73968306 -0.62703465 -0.57621593 -0.58068700 -0.59425829 -0.56296180 -0.55579708 -0.54707438 -0.57014971 -0.59152653 -0.59465053 -0.61226415 -0.63656808 -0.63053999 -0.54945590 -0.45814776 -0.44019539 -0.54873751 -0.61438794 -0.63604788 -0.65118475 -0.62876744 -0.50695061 -0.34586073 -0.18940414 -0.085001229 -0.0082513087 0.072493876 0.14354957 0.18902680 0.21583379 0.25408399 0.29763042 0.31368715 0.29540338 0.20604701 0.14275187 0.14516091 0.16561059 0.14432118 0.086806325 0.038528900 0.038065273 0.080224602 0.13064665 0.15114737 0.13777533 0.10579089 0.063987194 0.0035955196 -9999.0000 -9999.0000 -9999.0000
-0.70776846 -0.75776440 -0.80151969 -0.76653893 -0.68251323 -0.57491218 -0.52860323 -0.53762551 -0.56364325 -0.60185051 -0.59235861 -0.57671140 -0.58023565 -0.57922974 -0.56698843 -0.52390573 -0.50958231 -0.46143112 -0.30688387 -0.19522343 -0.19276722 -0.35243770 -0.50170855 -0.55150255 -0.58524077 -0.64325440 -0.65551453 -0.59597215 -0.44743002 -0.29076021 -0.17026455 -0.094119518 -0.036773700 0.026380732 0.087536897 0.14819669 0.21140591 0.26327037 0.29793726 0.26076637 0.21797156 0.16927493 0.13545170 0.13797464 0.13612196 0.11509335 0.10328293 0.12874052 0.15896977 0.18571083 0.19343306 0.19604964 0.25559585 0.34854480 -0.047338815 -9999.0000 -9999.0000
-0.61580055 -0.65926123 -0.67931961 -0.63919767 -0.56353453 -0.45566047 -0.44106856 -0.48557292 -0.55571765 -0.60996068 -0.60407192 -0.58369096 -0.57636810 -0.55704264 -0.51954450 -0.46505970 -0.40064900 -0.30191083 -0.14933208 -0.040317499 -0.041289357 -0.17346597 -0.33505482 -0.44973340 -0.49436885 -0.56507036 -0.68520167 -0.77111532 -0.77304798 -0.73924772 -0.65931357 -0.60607791 -0.54060387 -0.43813743 -0.33849690 -0.24060536 -0.14683767 -0.028656593 0.052423738 0.086288829 0.064480553 -0.028743142 -0.10043454 -0.0072123993 0.10798792 0.16259846 0.14547916 0.13730833 0.16102675 0.17713452 0.20281952 0.23190564 0.30875027 0.43990891 -9999.0000 -9999.0000 -9999.0000
-0.50213894 -0.51469490 -0.48721964 -0.44577815 -0.37526929 -0.28040344 -0.27770824 -0.34172857 -0.42266051 -0.48468185 -0.50831381 -0.51039111 -0.48927681 -0.45932256 -0.41434666 -0.35560897 -0.26549410 -0.13944077 -0.028938352 0.0057185456 -0.0035312922 -0.070090133 -0.19225635 -0.31421724 -0.40595826 -0.49583825 -0.59681877 -0.69203189 -0.76195805 -0.77680039 -0.77454577 -0.77516857 -0.76315209 -0.71375086 -0.64958585 -0.58490326 -0.54379371 -0.49106634 -0.40546536 -0.32190912 -0.28943035 -0.29279004 -0.22639012 -0.060848853 0.080184644 0.16238349 0.16415396 -9999.0000 -9999.0000 -9999.0000 -9999.0000 -9999.0000 -9999.0000 -9999.0000 -9999.0000 -9999.0000 -9999.0000
-0.29475136 -0.32653403 -0.27359970 -0.17113010 -0.10032015 -0.073735440 -0.050767172 -0.063128690 -0.10913468 -0.14411638 -0.21522104 -0.30281622 -0.32957135 -0.32118926 -0.29622970 -0.21983600 -0.096428445 -0.0079886316 0.014774164 0.0054890516 -0.015474469 -0.050403962 -0.12920280 -0.22250071 -0.34064802 -0.43994166 -0.49679992 -0.51801819 -0.49466297 -0.45682233 -0.43041195 -0.42508387 -0.45173834 -0.45211515 -0.43553667 -0.43447245 -0.45372244 -0.43811638 -0.41316781 -0.35951648 -0.29223219 -0.21412841 -0.071143586 0.0070805840 0.082670094 0.13892526 -9999.0000 -9999.0000 -9999.0000 -9999.0000 -9999.0000 -9999.0000 -9999.0000 -9999.0000 -9999.0000 -9999.0000 -9999.0000
-0.090937672 -0.13036340 -0.078731861 0.034840376 0.090642502 0.080194295 0.10232155 0.17982438 0.22677723 0.21725599 0.13922069 0.0022099704 -0.13888483 -0.19450535 -0.16822186 -0.10833351 -0.029683104 0.014210050 0.0033722501 -0.038515263 -0.077269283 -0.11914660 -0.14256469 -0.19796702 -0.24695900 -0.25604358 -0.24158898 -0.20273610 -0.15925611 -0.097627162 -0.052546112 -0.045177237 -0.038069770 -0.017579999 -0.013103295 -0.022195414 -0.036204503 -0.062607802 -0.083052477 -0.057386088 -0.015304277 0.022754333 0.064188349 0.082575964 0.12003669 0.15719537 -9999.0000 -9999.0000 -9999.0000 -9999.0000 -9999.0000 -9999.0000 -9999.0000 -9999.0000 -9999.0000 -9999.0000 -9999.0000
0.12808692 0.085363753 0.11363094 0.18528397 0.25648458 0.25734471 0.12447547 -0.18449923 -0.57713369 -0.64670243 -0.22158748 0.28830868 0.14781392 0.020326956 0.015148401 0.022011410 -0.0045852166 -0.0038083143 -0.025514720 -0.092997335 -0.15216342 -0.18658724 -0.18710487 -0.17311996 -0.12959688 -0.041266928 0.035179006 0.066367743 0.091561843 0.12731491 0.17226906 0.20816360 0.22376631 0.23010936 0.23917079 0.22810523 0.20854281 0.17241251 0.14364294 0.12636476 0.12452790 0.12929491 0.14899757 0.16586808 0.18855720 0.21734254 0.20870736 -9999.0000 -9999.0000 -9999.0000 -9999.0000 -9999.0000 -9999.0000 -9999.0000 -9999.0000 -9999.0000 -9999.0000
0.44489816 0.34493687 0.29696352 0.16424571 -0.18545387 -0.23733087 -0.25109511 -9999.0000 -9999.0000 -9999.0000 -9999.0000 -0.079929755 0.56630108 0.34819739 0.22213928 0.18433753 0.14278158 0.088824719 0.019482667 -0.083349843 -0.15926138 -0.18122702 -0.16717308 -0.12197191 -0.057639511 0.022304109 0.10671712 0.14775588 0.18792782 0.26530532 0.36051927 0.41004904 0.41866265 0.38854940 0.37386472 0.37741181 0.36609660 0.32615461 0.28162500 0.24216246 0.21207659 0.19982585 0.21213246 0.23264741 0.24866051 0.26271121 0.25073938 0.24413421 -9999.0000 -9999.0000 -9999.0000 -9999.0000 -9999.0000 -9999.0000 -9999.0000 -9999.0000 -9999.0000
0.75759456 0.60505989 0.48119608 -9999.0000 -9999.0000 -9999.0000 -0.078973248 -9999.0000 -9999.0000 -9999.0000 -9999.0000 -9999.0000 -0.58429095 0.47797316 0.56431620 0.36424484 0.32120090 0.27597251 0.19649378 0.096165495 0.016227378 -0.041662024 -0.093301867 -0.076553245 0.0016788284 0.092545176 0.18246347 0.26049357 0.35923175 0.48722936 0.57481173 0.60514646 0.58632564 0.55959689 0.52056180 0.48766646 0.47426583 0.44923981 0.41829395 0.38207235 0.34172633 0.30761010 0.30303609 0.31727199 0.34464369 0.34143058 0.31246752 0.30044396 0.30445229 0.33707002 0.38609223 -9999.0000 -9999.0000 -9999.0000 -9999.0000 -9999.0000 -9999.0000
-0.14305967 0.75046739 0.72007193 0.50022591 -9999.0000 -9999.0000 -9999.0000 -9999.0000 -9999.0000 -9999.0000 -9999.0000 -9999.0000 -9999.0000 -1.1537933 0.17182346 0.65909137 0.51048060 0.41516071 0.35462069 0.26066360 0.16557210 0.084491410 0.012340873 9.6695520e-05 0.051013645 0.18657729 0.34296403 0.48451068 0.69441526 -0.077092142 -9999.0000 -9999.0000 -9999.0000 -0.020800624 0.60275279 0.60059046 0.54188427 0.52938981 0.53014032 0.50711954 0.46702644 0.43645190 0.41090857 0.41409390 0.43132521 0.40658303 0.37310136 0.34346535 0.33720601 0.33986651 0.37823146 0.43144954 -9999.0000 -9999.0000 -9999.0000 -9999.0000 -9999.0000
-0.93070711 -0.015297561 0.29518552 0.42075810 0.45855761 -9999.0000 -9999.0000 -9999.0000 -9999.0000 -9999.0000 -9999.0000 -9999.0000 -9999.0000 -9999.0000 -1.3732850 0.34306634 0.81574469 0.57768696 0.47743552 0.38630003 0.28003000 0.19659871 0.12006124 0.10624753 0.18076907 0.38465445 0.62652306 0.85869974 -9999.0000 -9999.0000 -9999.0000 -9999.0000 -9999.0000 -9999.0000 -0.75883532 0.34873198 0.73604293 0.66227932 0.64644079 0.63060754 0.58801663 0.53915182 0.51025917 0.50950539 0.50309549 0.46775085 0.44131711 0.41823368 0.39572299 0.36005860 0.35871510 0.41952649 0.48919035 0.52844805 -9999.0000 -9999.0000 -9999.0000
-9999.0000 -1.0831897 -9999.0000 -9999.0000 0.41336163 0.62059882 -9999.0000 -9999.0000 -9999.0000 -9999.0000 -9999.0000 -9999.0000 -9999.0000 -9999.0000 -9999.0000 -1.1166440 0.37960824 0.86083669 0.61497022 0.48278134 0.39476678 0.31653579 0.28545748 0.34676782 0.40809608 0.55846497 0.78985881 0.018447360 -9999.0000 -9999.0000 -9999.0000 -9999.0000 -9999.0000 -9999.0000 -9999.0000 -9999.0000 0.52867354 0.87997841 0.79142429 0.73819628 0.69319627 0.63306546 0.60603084 0.61785966 0.59028326 0.53142362 0.50076512 0.48782317 0.47187719 0.43141248 0.41062391 0.43860470 0.48620631 0.54662057 0.59270299 -9999.0000 -9999.0000
-9999.0000 -9999.0000 -9999.0000 -9999.0000 -9999.0000 0.61191166 0.63450829 -9999.0000 -9999.0000 -9999.0000 -9999.0000 -9999.0000 -9999.0000 -9999.0000 -9999.0000 -9999.0000 -1.0631457 0.27012700 0.87224506 0.61342310 0.52076334 0.52671964 0.54349841 0.56921799 0.62394244 0.72469871 0.39611689 -0.92284113 -9999.0000 -9999.0000 -9999.0000 -9999.0000 -9999.0000 -9999.0000 -9999.0000 -9999.0000 -0.50477608 0.50503904 0.98927506 0.83130290 0.75050946 0.74258927 0.77048800 0.74596918 0.66717464 0.60633538 0.58636883 0.57441085 0.55833831 0.53552931 0.51938040 0.51842363 0.51854136 0.55506772 0.62160762 0.70009985 -9999.0000
-9999.0000 -9999.0000 -9999.0000 -9999.0000 -9999.0000 -9999.0000 -9999.0000 -9999.0000 -9999.0000 -9999.0000 -9999.0000 -9999.0000 -9999.0000 -9999.0000 -9999.0000 -9999.0000 -9999.0000 -9999.0000 0.21764170 0.88570396 0.75294569 0.67888136 0.65372882 0.73173819 0.77020009 0.11202309 -0.64979935 -9999.0000 -9999.0000 -9999.0000 -9999.0000 -9999.0000 -9999.0000 -9999.0000 -9999.0000 -9999.0000 -9999.0000 -0.79077601 0.080666095 0.76221936 0.95713853 0.92645818 0.89309304 0.80190658 0.71352447 0.66709076 0.64739409 0.63333558 0.63065417 0.62850237 0.62589844 0.61373552 0.60838518 0.61603106 0.65503433 0.72591585 0.83073059
-9999.0000 -9999.0000 -9999.0000 -9999.0000 -9999.0000 -9999.0000 -9999.0000 -9999.0000 -9999.0000 -9999.0000 -9999.0000 -9999.0000 -9999.0000 -9999.0000 -9999.0000 -9999.0000 -9999.0000 -9999.0000 -9999.0000 0.30807886 1.0098546 0.82471215 0.79295660 0.87694645 0.44894361 -9999.0000 -9999.0000 -9999.0000 -9999.0000 -9999.0000 -9999.0000 -9999.0000 -9999.0000 -9999.0000 -9999.0000 -9999.0000 -9999.0000 -9999.0000 -9999.0000 -0.24834145 0.35337615 0.79694774 0.94355538 0.81503947 0.73133406 0.68969406 0.67067485 0.66580955 0.67820619 0.68027474 0.68388712 0.68616804 0.69640225 0.71352506 0.71592026 0.74200109 0.81137330
