data/glamos/distributed_mass_balance_grids/tortin/2025_win_obs.grid
ncols        131
nrows        142
xllcorner    2589430.000000000000
yllcorner    1102910.000000000000
cellsize     10.000000000000
NODATA_value  -9999
[rows 75 to 99 of 142, columns 0 to 56 of 131]
-9999.0000 -9999.0000 -9999.0000 -9999.0000 -9999.0000 -9999.0000 -9999.0000 -9999.0000 -9999.0000 -9999.0000 -9999.0000 -9999.0000 -9999.0000 -9999.0000 -9999.0000 -9999.0000 -9999.0000 -9999.0000 -9999.0000 -9999.0000 -9999.0000 -9999.0000 -9999.0000 -9999.0000 -9999.0000 0.79440255 0.77763960 0.76532290 0.76196405 0.76555422 0.76668796 0.76729821 0.76965051 0.77555369 0.77809953 0.78169527 0.78581829 0.79061097 0.79400423 0.79564099 0.79819349 0.80275905 0.80594652 0.80785848 0.80799273 0.81276743 0.82713170 0.84392853 0.85664754 0.86067275 0.86467653 0.86966033 0.87139644 0.86334021 0.84728350 0.83770909 0.83995954
-9999.0000 -9999.0000 -9999.0000 -9999.0000 -9999.0000 -9999.0000 -9999.0000 -9999.0000 -9999.0000 -9999.0000 -9999.0000 -9999.0000 -9999.0000 -9999.0000 -9999.0000 -9999.0000 -9999.0000 -9999.0000 -9999.0000 -9999.0000 -9999.0000 -9999.0000 -9999.0000 -9999.0000 0.80536168 0.78901838 0.77247807 0.76357250 0.76350243 0.76759836 0.76788450 0.76763549 0.77264994 0.77798653 0.78138741 0.78518950 0.79052543 0.79791092 0.79998773 0.79925523 0.80072465 0.80525078 0.80955042 0.81219683 0.81308209 0.81568500 0.82743317 0.84232264 0.85739011 0.86465781 0.86992486 0.87473975 0.87792062 0.87804072 0.86860941 0.85439717 0.84357620
-9999.0000 -9999.0000 -9999.0000 -9999.0000 -9999.0000 -9999.0000 -9999.0000 -9999.0000 -9999.0000 -9999.0000 -9999.0000 -9999.0000 -9999.0000 -9999.0000 -9999.0000 -9999.0000 -9999.0000 -9999.0000 -9999.0000 -9999.0000 -9999.0000 -9999.0000 -9999.0000 -9999.0000 0.80289550 0.78284920 0.76879785 0.76140507 0.76211353 0.76605235 0.77075849 0.77272446 0.77895503 0.78529515 0.79005879 0.79338329 0.79552419 0.80045144 0.80357534 0.80549877 0.80737417 0.80896581 0.81178707 0.81569194 0.81834393 0.82214354 0.83061506 0.84235304 0.85665385 0.86897609 0.87553079 0.87958939 0.88344857 0.88682576 0.88548556 0.87694729 0.86245328
-9999.0000 -9999.0000 -9999.0000 -9999.0000 -9999.0000 -9999.0000 -9999.0000 -9999.0000 -9999.0000 -9999.0000 -9999.0000 -9999.0000 -9999.0000 -9999.0000 -9999.0000 -9999.0000 -9999.0000 -9999.0000 -9999.0000 -9999.0000 -9999.0000 -9999.0000 -9999.0000 -9999.0000 0.80146597 0.77867288 0.76682510 0.76246872 0.76221414 0.76530302 0.77118850 0.77849176 0.78527380 0.79266269 0.80013452 0.80344050 0.80180844 0.80194074 0.80574121 0.80996631 0.81254543 0.81334982 0.81308988 0.81522850 0.81841328 0.82539414 0.83613328 0.84886594 0.86351566 0.87496035 0.88149258 0.88775641 0.89050288 0.89563901 0.89678996 0.89392107 0.88431945
-9999.0000 -9999.0000 -9999.0000 -9999.0000 -9999.0000 -9999.0000 -9999.0000 -9999.0000 -9999.0000 -9999.0000 -9999.0000 -9999.0000 -9999.0000 -9999.0000 -9999.0000 -9999.0000 -9999.0000 -9999.0000 -9999.0000 -9999.0000 -9999.0000 -9999.0000 -9999.0000 0.80394250 0.79592444 0.78126555 0.77104672 0.76713090 0.76656104 0.76852875 0.77364534 0.78193667 0.78646390 0.79703719 0.80970452 0.81333202 0.81135796 0.80928540 0.81276971 0.81643327 0.81941381 0.81982102 0.81579632 0.81323374 0.81632456 0.82731364 0.84228048 0.85829711 0.87480746 0.88531203 0.89231413 0.89724815 0.90034277 0.90281868 0.90404776 0.90408863 0.89975800
-9999.0000 -9999.0000 -9999.0000 -9999.0000 -9999.0000 -9999.0000 -9999.0000 -9999.0000 -9999.0000 -9999.0000 -9999.0000 -9999.0000 -9999.0000 -9999.0000 -9999.0000 -9999.0000 -9999.0000 -9999.0000 -9999.0000 -9999.0000 -9999.0000 -9999.0000 -9999.0000 -9999.0000 0.78686668 0.78415711 0.77761876 0.77237454 0.77136297 0.77233080 0.77601435 0.78251411 0.78637375 0.79515901 0.81108663 0.81953355 0.82006979 0.82055738 0.82377804 0.82644027 0.82621034 0.82725039 0.82231868 0.81618952 0.81483386 0.82596059 0.84444523 0.86585713 0.88400343 0.89569948 0.90239419 0.90554623 0.90650125 0.90664287 0.90793609 0.91094221 0.91051438
-9999.0000 -9999.0000 -9999.0000 -9999.0000 -9999.0000 -9999.0000 -9999.0000 -9999.0000 -9999.0000 -9999.0000 -9999.0000 -9999.0000 -9999.0000 -9999.0000 -9999.0000 -9999.0000 -9999.0000 -9999.0000 -9999.0000 -9999.0000 -9999.0000 -9999.0000 -9999.0000 0.80434958 0.78968578 0.78922176 0.78628329 0.78149029 0.77948385 0.78005092 0.78497368 0.78429002 0.78581654 0.79104171 0.80377039 0.81957728 0.82811569 0.83424975 0.83758997 0.83884814 0.83436609 0.83285141 0.82912106 0.82244761 0.81895492 0.82867957 0.84734105 0.87185057 0.89188534 0.90825692 0.91342226 0.91369300 0.91114130 0.91023969 0.91064708 0.91454222 0.91701565
-9999.0000 -9999.0000 -9999.0000 -9999.0000 -9999.0000 -9999.0000 -9999.0000 -9999.0000 -9999.0000 -9999.0000 -9999.0000 -9999.0000 -9999.0000 -9999.0000 -9999.0000 -9999.0000 -9999.0000 -9999.0000 -9999.0000 -9999.0000 -9999.0000 -9999.0000 0.83405201 0.81247634 0.79968408 0.80179109 0.80273568 0.79454017 0.79144471 0.79096394 0.79599179 0.79607811 0.79597469 0.79187151 0.79044232 0.80764379 0.83236581 0.84910328 0.85271090 0.85094579 0.84332333 0.83763567 0.83187708 0.82901533 0.82853205 0.83689493 0.85233891 0.87352620 0.89067337 0.91034317 0.92329155 0.92406105 0.92017824 0.91824920 0.91904070 0.92188819 0.92371948
-9999.0000 -9999.0000 -9999.0000 -9999.0000 -9999.0000 -9999.0000 -9999.0000 -9999.0000 -9999.0000 -9999.0000 -9999.0000 -9999.0000 -9999.0000 -9999.0000 -9999.0000 -9999.0000 -9999.0000 -9999.0000 -9999.0000 -9999.0000 -9999.0000 0.84934191 0.83913925 0.81879764 0.80523276 0.80641480 0.81149187 0.80916575 0.80611543 0.80675549 0.81144196 0.81874246 0.81690058 0.80267150 0.78186572 0.79057558 0.82900935 0.86001406 0.86818465 0.86443471 0.85445867 0.84415650 0.83676323 0.83429422 0.83646333 0.84429062 0.85679682 0.87517376 0.89058331 0.91534880 0.93517859 0.93830530 0.93448926 0.93093895 0.93190261 0.93405542 0.93456753
-9999.0000 -9999.0000 -9999.0000 -9999.0000 -9999.0000 -9999.0000 -9999.0000 -9999.0000 -9999.0000 -9999.0000 -9999.0000 -9999.0000 -9999.0000 -9999.0000 -9999.0000 -9999.0000 -9999.0000 -9999.0000 -9999.0000 -9999.0000 0.87840566 0.85501188 0.83767889 0.81316872 0.80306702 0.81024308 0.81646684 0.82598079 0.82384069 0.82569112 0.82958236 0.83331041 0.83100258 0.82263032 0.79908833 0.78961370 0.82222850 0.86143805 0.87911645 0.87377525 0.86224935 0.85246628 0.84437299 0.83994350 0.84182490 0.84835620 0.86135535 0.88092829 0.90430278 0.92839505 0.94816383 0.95280441 0.94769301 0.94090015 0.94170937 0.94567322 0.94878528
-9999.0000 -9999.0000 -9999.0000 -9999.0000 -9999.0000 -9999.0000 -9999.0000 -9999.0000 -9999.0000 -9999.0000 -9999.0000 -9999.0000 -9999.0000 -9999.0000 -9999.0000 -9999.0000 -9999.0000 0.87568112 0.87142157 -9999.0000 0.88734875 0.85584161 0.83337258 0.82559701 0.82562170 0.82010086 0.81748094 0.82892351 0.83672704 0.83960033 0.84138709 0.83990394 0.83708275 0.84088348 0.83506766 0.82423144 0.82859728 0.85313341 0.87459260 0.87670535 0.86766908 0.85977361 0.85209853 0.84603993 0.84702118 0.85526010 0.87347871 0.89624461 0.92227921 0.94425493 0.96164507 0.96787444 0.96125183 0.95109991 0.94952536 0.95508994 0.96161323
-9999.0000 -9999.0000 -9999.0000 -9999.0000 -9999.0000 -9999.0000 -9999.0000 -9999.0000 -9999.0000 -9999.0000 -9999.0000 -9999.0000 -9999.0000 -9999.0000 -9999.0000 -9999.0000 -9999.0000 0.90682148 0.88431719 0.87869916 0.86014770 0.84796980 0.83537995 0.83408180 0.83707743 0.83536336 0.83582656 0.83976189 0.84649979 0.85093340 0.85207315 0.85149680 0.84864576 0.85572780 0.86377889 0.85895903 0.84572882 0.84949808 0.86100382 0.87302530 0.87200136 0.86628755 0.85786787 0.85232827 0.85343015 0.86568700 0.88765091 0.91324206 0.94194328 0.96471298 0.97575083 0.97715573 0.96826924 0.95884927 0.95576381 0.96434708 0.97803114
-9999.0000 -9999.0000 -9999.0000 -9999.0000 -9999.0000 -9999.0000 -9999.0000 -9999.0000 -9999.0000 -9999.0000 -9999.0000 -9999.0000 -9999.0000 -9999.0000 -9999.0000 -9999.0000 -9999.0000 0.93530173 0.90549361 0.86714521 0.83879616 0.84195241 0.84434889 0.85126884 0.85266225 0.84843235 0.84982084 0.85284731 0.85599285 0.85957640 0.86176901 0.86710108 0.86921010 0.86990101 0.87509290 0.87961968 0.87132509 0.86314755 0.85611410 0.86366412 0.87128518 0.86959235 0.86220118 0.85745325 0.85988011 0.87421948 0.89947523 0.93152690 0.96442883 0.98597745 0.98794764 0.98081361 0.97193465 0.96718107 0.96768740 0.97889136 0.99728919
-9999.0000 -9999.0000 -9999.0000 -9999.0000 -9999.0000 -9999.0000 -9999.0000 -9999.0000 -9999.0000 -9999.0000 -9999.0000 -9999.0000 -9999.0000 -9999.0000 -9999.0000 -9999.0000 0.97042037 0.93796748 0.90202697 0.85730214 0.83705462 0.85169907 0.86987590 0.87061485 0.86463590 0.86070004 0.86353801 0.86577526 0.86948889 0.87151168 0.87382519 0.87574077 0.88205583 0.88361692 0.88357841 0.88713146 0.88827400 0.88169450 0.87113068 0.86582319 0.87248805 0.87155752 0.86763040 0.86478072 0.86725319 0.88191788 0.90838266 0.94446880 0.97947994 0.99848207 0.99590356 0.98444537 0.97648481 0.97762313 0.98331525 0.99459774 1.0162871
-9999.0000 -9999.0000 -9999.0000 -9999.0000 -9999.0000 -9999.0000 -9999.0000 -9999.0000 -9999.0000 -9999.0000 -9999.0000 -9999.0000 -9999.0000 -9999.0000 -9999.0000 -9999.0000 0.95892884 0.94364397 0.91841847 0.87263167 0.85452384 0.86039368 0.88346126 0.88629687 0.87915635 0.87835715 0.87857536 0.87963825 0.88422548 0.88678881 0.88299468 0.87932636 0.88577707 0.89631338 0.89764150 0.89908720 0.89950050 0.89683653 0.88694011 0.87984941 0.88066639 0.87898221 0.87548678 0.87406158 0.87655346 0.88982910 0.91686844 0.95429087 0.98733290 1.0009904 0.99776537 0.98763202 0.98485413 0.99295912 0.99976004 1.0032629 1.0285733
-9999.0000 -9999.0000 -9999.0000 -9999.0000 -9999.0000 -9999.0000 -9999.0000 -9999.0000 -9999.0000 -9999.0000 -9999.0000 -9999.0000 -9999.0000 -9999.0000 -9999.0000 -9999.0000 0.92015173 0.92932620 0.93342347 0.90561485 0.88972308 0.87678256 0.88987379 0.89517842 0.88745544 0.88847331 0.89349282 0.89418448 0.89403367 0.89820096 0.90118603 0.89752808 0.89172566 0.89475077 0.90380852 0.91605252 0.91763923 0.91201514 0.90047139 0.89357875 0.88894484 0.88696533 0.88640150 0.88518892 0.88744344 0.89820607 0.92373381 0.95786604 0.98701686 0.99861937 0.99786035 0.99337152 0.99641648 1.0091182 1.0111897 1.0011423 1.0196809
-9999.0000 -9999.0000 -9999.0000 -9999.0000 -9999.0000 -9999.0000 -9999.0000 -9999.0000 -9999.0000 -9999.0000 -9999.0000 -9999.0000 -9999.0000 -9999.0000 -9999.0000 -9999.0000 0.89606002 0.92153457 0.94646578 0.94016170 0.92772624 0.90356961 0.90119664 0.90429899 0.89704831 0.90224213 0.91114189 0.91348764 0.90711318 0.91112339 0.92507689 0.92469510 0.90949636 0.89257853 0.91147187 0.93463802 0.93935329 0.92921447 0.91189836 0.90220194 0.89501722 0.89558388 0.89907397 0.89914289 0.89849527 0.90653173 0.93030458 0.96103699 0.98449554 0.99539775 0.99852655 0.99885475 1.0000597 1.0088875 1.0142237 1.0230753 1.0218816
-9999.0000 -9999.0000 -9999.0000 -9999.0000 -9999.0000 -9999.0000 -9999.0000 -9999.0000 -9999.0000 -9999.0000 -9999.0000 -9999.0000 -9999.0000 -9999.0000 -9999.0000 -9999.0000 0.88697194 0.92376200 0.95673740 0.97254669 0.96389492 0.93714222 0.91876777 0.91579170 0.91321088 0.92056224 0.92598552 0.93190301 0.92605835 0.92729659 0.94094337 0.94604020 0.93788682 0.91704886 0.93122097 0.95149144 0.95640587 0.94606245 0.92805018 0.91613399 0.90579057 0.90699266 0.91131294 0.91278010 0.91089426 0.91542064 0.93666791 0.96564523 0.98671355 0.99615676 1.0023807 1.0056634 1.0032498 1.0107058 1.0268933 1.0611878 -9999.0000
-9999.0000 -9999.0000 -9999.0000 -9999.0000 -9999.0000 -9999.0000 -9999.0000 -9999.0000 -9999.0000 -9999.0000 -9999.0000 -9999.0000 -9999.0000 -9999.0000 -9999.0000 -9999.0000 0.90328324 0.93998886 0.97141231 0.99600526 0.99373195 0.96781478 0.94138934 0.92888776 0.93233229 0.94173207 0.93717579 0.94275722 0.94576953 0.95039869 0.96011534 0.96629719 0.96522611 0.95126747 0.95401663 0.96738754 0.96925424 0.96238683 0.94839591 0.93508885 0.92389089 0.91939081 0.92105999 0.92249513 0.92196474 0.92654428 0.94373553 0.97091648 0.99134156 1.0036163 1.0120710 1.0193998 1.0176382 1.0254683 1.0415486 1.0591257 -9999.0000
-9999.0000 -9999.0000 -9999.0000 -9999.0000 -9999.0000 -9999.0000 -9999.0000 -9999.0000 -9999.0000 -9999.0000 -9999.0000 -9999.0000 -9999.0000 -9999.0000 -9999.0000 -9999.0000 0.93296514 0.97841578 1.0066871 1.0243617 1.0182269 0.99664798 0.96221984 0.93903528 0.94429247 0.95956713 0.96662281 0.96947186 0.96868444 0.97145362 0.98162155 0.98721018 0.98583223 0.98596827 0.98238803 0.98757721 0.98412905 0.97738389 0.96908965 0.95454916 0.94175010 0.93228057 0.93031486 0.93119351 0.93120365 0.93804631 0.95366803 0.97584622 0.99545085 1.0131499 1.0263480 1.0411114 1.0438115 1.0427482 1.0448804 1.0451199 -9999.0000
-9999.0000 -9999.0000 -9999.0000 -9999.0000 -9999.0000 -9999.0000 -9999.0000 -9999.0000 -9999.0000 -9999.0000 -9999.0000 -9999.0000 -9999.0000 -9999.0000 -9999.0000 -9999.0000 0.96853078 1.0203445 1.0460408 1.0512619 1.0437605 1.0295482 0.99291940 0.96696860 0.95786883 0.96258131 0.98108779 0.99133444 0.98613785 0.99302842 1.0127688 1.0153706 1.0092963 1.0151771 1.0110450 1.0074730 1.0023147 0.99397844 0.98726081 0.97283090 0.95657915 0.94567306 0.94353587 0.94418129 0.94231990 0.94819360 0.96296526 0.98207372 1.0033257 1.0272401 1.0479484 1.0656352 1.0683469 1.0568009 1.0349081 1.0191893 1.0205943
-9999.0000 -9999.0000 -9999.0000 -9999.0000 -9999.0000 -9999.0000 -9999.0000 -9999.0000 -9999.0000 -9999.0000 -9999.0000 -9999.0000 -9999.0000 -9999.0000 -9999.0000 -9999.0000 1.0167712 1.0553652 1.0643968 1.0593275 1.0570934 1.0544591 1.0377261 1.0093998 0.97853919 0.96031801 0.97633712 0.99552901 0.99611876 1.0092202 1.0316268 1.0366009 1.0342247 1.0398980 1.0342148 1.0268930 1.0237558 1.0161597 1.0036485 0.98522715 0.96879886 0.95966135 0.95770400 0.95800554 0.95864196 0.96235798 0.97126924 0.98832675 1.0121125 1.0421788 1.0671659 1.0817526 1.0767141 1.0553302 1.0265717 1.0083334 1.0117097
-9999.0000 -9999.0000 -9999.0000 -9999.0000 -9999.0000 -9999.0000 -9999.0000 -9999.0000 -9999.0000 -9999.0000 -9999.0000 -9999.0000 -9999.0000 -9999.0000 -9999.0000 -9999.0000 1.0811416 1.0986420 1.0760963 1.0543045 1.0650557 1.0812417 1.0778154 1.0485260 1.0112406 0.97285559 0.94949921 -9999.0000 0.91494251 -9999.0000 -9999.0000 1.0409854 1.0530589 1.0582916 1.0497644 1.0496241 1.0512848 1.0432702 1.0250960 0.99997642 0.98108906 0.97300798 0.97237499 0.97682066 0.98045004 0.98058323 0.98250825 0.99969240 1.0267680 1.0562037 1.0805643 1.0890950 1.0783056 1.0549651 1.0281071 1.0104239 1.0104358
-9999.0000 -9999.0000 -9999.0000 -9999.0000 -9999.0000 -9999.0000 -9999.0000 -9999.0000 -9999.0000 -9999.0000 -9999.0000 -9999.0000 -9999.0000 -9999.0000 -9999.0000 -9999.0000 -9999.0000 1.0739473 1.1006824 1.0624410 1.0824364 1.1075455 1.1132753 1.0913426 1.0560660 1.0110061 -9999.0000 -9999.0000 -9999.0000 -9999.0000 -9999.0000 -9999.0000 0.95043975 1.0535439 1.0587278 1.0628789 1.0766506 1.0714471 1.0541117 1.0281953 1.0028414 0.99016396 0.98704867 0.99639511 1.0057852 1.0027064 0.99879653 1.0142926 1.0450257 1.0749911 1.0958343 1.0994880 1.0859089 1.0645386 1.0405476 1.0222772 1.0141412
-9999.0000 -9999.0000 -9999.0000 -9999.0000 -9999.0000 -9999.0000 -9999.0000 -9999.0000 -9999.0000 -9999.0000 -9999.0000 -9999.0000 -9999.0000 -9999.0000 -9999.0000 -9999.0000 -9999.0000 -9999.0000 0.97872415 1.1076570 1.1123504 1.1418715 1.1587399 1.1474287 1.1160362 1.0784643 1.0312620 -9999.0000 -9999.0000 -9999.0000 -9999.0000 -9999.0000 -9999.0000 -9999.0000 1.0847687 1.0724006 1.0761644 1.0823876 1.0846655 1.0672412 1.0342065 1.0112835 1.0029440 1.0160410 1.0328711 1.0338476 1.0253459 1.0360520 1.0645588 1.0953348 1.1132576 1.1151154 1.1033325 1.0863508 1.0598101 1.0382330 1.0234826
