data/glamos/distributed_mass_balance_grids/tortin/2025_win_obs.grid
ncols        131
nrows        142
xllcorner    2589430.000000000000
yllcorner    1102910.000000000000
cellsize     10.000000000000
NODATA_value  -9999
[rows 100 to 124 of 142, columns 57 to 113 of 131]
1.0223541 1.0256471 1.0437617 1.0491166 1.0399321 1.0358495 1.0442495 1.0521748 1.0556635 1.0526391 1.0523398 1.0579542 1.0682365 1.0801263 1.0931503 1.1028031 1.1048093 1.1177047 1.1568666 1.2054274 1.2508730 1.2877000 1.3063936 1.3106420 1.3105585 1.3091637 1.3160085 1.3258738 1.3288405 1.3163996 1.2971546 1.2795838 1.2977654 1.3355296 1.3750669 1.3926040 1.4045455 1.4224713 1.4596288 1.5096705 1.5647681 -9999.0000 -9999.0000 -9999.0000 -9999.0000 -9999.0000 -9999.0000 1.5904805 1.7294585 1.6580088 -9999.0000 -9999.0000 -9999.0000 -9999.0000 -9999.0000 -9999.0000 -9999.0000
1.0261392 1.0337885 1.0570259 1.0550162 1.0550158 1.0573143 1.0663101 1.0732007 1.0785959 1.0830688 1.0883987 1.0921841 1.0993643 1.1123451 1.1203843 1.1246190 1.1237488 1.1165819 1.1297592 1.1703816 1.2181741 1.2604052 1.2904480 1.3106242 1.3345778 1.3641052 1.3823451 1.3783918 1.3544631 1.3234675 1.2939735 1.2688829 1.2694456 1.3015025 1.3433821 1.3739772 1.3984871 1.4450331 1.5089805 1.4219711 -9999.0000 -9999.0000 -9999.0000 -9999.0000 -9999.0000 -9999.0000 -9999.0000 -9999.0000 1.6552192 1.7400701 1.7365106 -9999.0000 -9999.0000 -9999.0000 -9999.0000 -9999.0000 -9999.0000
1.0409875 1.0570337 1.0625119 1.0639122 1.0701370 1.0771823 1.0861830 1.0939635 1.1077618 1.1233045 1.1355097 1.1369395 1.1343032 1.1397098 1.1432398 1.1454745 1.1411690 1.1265947 1.1155437 1.1336741 1.1753376 1.2204337 1.2602431 1.2995635 1.3442038 1.3843284 1.3942456 1.3710440 1.3363561 1.3045057 1.2802277 1.2570663 1.2508394 1.2755966 1.3256726 1.3695529 1.3978155 1.4595982 1.2847030 -9999.0000 -9999.0000 -9999.0000 -9999.0000 -9999.0000 -9999.0000 -9999.0000 -9999.0000 -9999.0000 1.5779382 1.6444662 1.7367917 1.7752265 1.7833456 -9999.0000 1.8577745 -9999.0000 -9999.0000
1.0728761 1.0659276 1.0663230 1.0792784 1.0895112 1.0987527 1.1065270 1.1236709 1.1514369 1.1751286 1.1859920 1.1763430 1.1625317 1.1616802 1.1637159 1.1646515 1.1585820 1.1438592 1.1238963 1.1165430 1.1411229 1.1843991 1.2303960 1.2814323 1.3261227 1.3514933 1.3438336 1.3165182 1.2921382 1.2786008 1.2765088 1.2640447 1.2574647 1.2727533 1.3315353 1.3883531 1.4250701 1.0579273 0.54382694 -9999.0000 -9999.0000 -9999.0000 -9999.0000 -9999.0000 -9999.0000 1.2918759 1.4349877 1.4972932 1.5309453 1.5793099 1.6787473 1.7532361 1.7652700 1.7923822 1.8533086 1.9425554 2.0450828
1.0971059 1.0763385 1.0784651 1.0929017 1.1085272 1.1169920 1.1301078 1.1587182 1.2060432 1.2358925 1.2341583 1.2105189 1.1869991 1.1795192 1.1758329 1.1753660 1.1715156 1.1629531 1.1485785 1.1257253 1.1260137 1.1591932 1.2052977 1.2507662 1.2783739 1.2859566 1.2747752 1.2595090 1.2505270 1.2498344 1.2681356 1.2804156 1.2780797 1.2861513 1.3484388 1.4181157 -9999.0000 -9999.0000 -9999.0000 -9999.0000 -9999.0000 -9999.0000 -9999.0000 -9999.0000 -9999.0000 -9999.0000 -9999.0000 -9999.0000 -9999.0000 1.4898176 1.6213902 1.7145086 1.7432744 1.7625224 1.7998443 1.8980379 2.0138590
1.1080126 1.0954469 1.0987334 1.1156793 1.1308840 1.1352388 1.1528006 1.1997710 1.2634285 1.2863940 1.2735117 1.2427938 1.2164128 1.1979493 1.1851946 1.1819818 1.1816831 1.1791577 1.1700856 1.1523609 1.1405066 1.1525968 1.1856120 1.2160913 1.2332039 1.2358160 1.2301308 1.2244361 1.2229518 1.2325464 1.2683898 1.3046519 1.3171609 1.3079291 1.3378168 1.4193471 1.4660529 -9999.0000 -9999.0000 -9999.0000 -9999.0000 -9999.0000 -9999.0000 -9999.0000 -9999.0000 -9999.0000 -9999.0000 -9999.0000 -9999.0000 -9999.0000 1.5400125 1.6618050 1.7168149 1.7516530 1.8051961 1.8827098 1.9522758
1.1147224 1.1098503 1.1187682 1.1350819 1.1469633 1.1520891 1.1813154 1.2497685 1.3079435 1.3109888 1.2904091 1.2649036 1.2437491 1.2182509 1.1965024 1.1895266 1.1959304 1.2003512 1.1944860 1.1758131 1.1637480 1.1609526 1.1770672 1.1964008 1.2086538 1.2075440 1.2048761 1.2046230 1.2097801 1.2319608 1.2779297 1.3296686 1.3562360 1.3432744 1.3406253 1.4089936 1.4902383 0.99312380 -9999.0000 -9999.0000 -9999.0000 -9999.0000 -9999.0000 -9999.0000 -9999.0000 -9999.0000 -9999.0000 -9999.0000 -9999.0000 -9999.0000 -9999.0000 1.5834570 1.6691394 1.7302533 1.7913730 1.8429988 1.8838807
1.1250141 1.1202332 1.1307767 1.1459278 1.1572912 1.1729793 1.2145842 1.2858652 1.3226898 1.3120081 1.2869558 1.2687124 1.2573037 1.2368098 1.2163725 1.2072780 1.2147778 1.2265081 1.2243919 1.2062895 1.1895064 1.1814363 1.1798422 1.1907032 1.1996506 1.1982120 1.1985890 1.2005595 1.2150065 1.2485538 1.3012429 1.3573401 1.3884014 1.3797004 1.3735751 1.4274572 1.5027280 1.1603815 -9999.0000 -9999.0000 -9999.0000 -9999.0000 -9999.0000 -9999.0000 -9999.0000 -9999.0000 -9999.0000 1.2705065 -9999.0000 -9999.0000 -9999.0000 1.4758438 1.5746261 1.2822788 0.94055433 0.96215625 1.3237747
1.1418110 1.1337949 1.1368661 1.1482805 1.1671915 1.1989725 1.2506992 1.2938959 1.3054290 1.2996325 1.2769503 1.2587169 1.2513966 1.2432080 1.2342506 1.2272729 1.2311807 1.2481515 1.2537871 1.2513054 1.2294405 1.2088970 1.1934328 1.1876560 1.1972473 1.2011239 1.2043979 1.2105104 1.2322724 1.2667393 1.3103820 1.3571500 1.3877523 1.3897416 1.3933661 1.4313622 1.4945100 1.5015479 -9999.0000 -9999.0000 -9999.0000 -9999.0000 -9999.0000 -9999.0000 -9999.0000 -9999.0000 1.3955680 1.4167977 1.4096711 1.3712940 1.3650796 -9999.0000 1.2686246 0.69425450 -9999.0000 -9999.0000 -9999.0000
1.1610426 1.1497966 1.1449854 1.1527709 1.1833827 1.2277083 1.2698571 1.2756713 1.2764714 1.2889908 1.2764788 1.2568062 1.2426181 1.2350598 1.2383564 1.2407648 1.2448172 1.2627320 1.2864056 1.3143544 1.2930111 1.2449996 1.2155666 1.1992534 1.1970679 1.2052549 1.2171085 1.2339570 1.2537921 1.2767514 1.3013301 1.3340529 1.3668458 1.3873968 1.3960030 1.4156218 1.4566339 1.4798369 1.4689720 -9999.0000 1.4193886 1.4548508 1.4970017 1.4961929 1.4590029 -9999.0000 1.4675524 1.5097073 1.5302483 1.5064335 1.4701242 -9999.0000 -9999.0000 -9999.0000 -9999.0000 -9999.0000 -9999.0000
1.1768189 1.1643165 1.1589990 1.1662637 1.2029252 1.2519759 1.2841769 1.2812423 1.2710029 1.2847652 1.2779813 1.2639447 1.2404489 1.2263837 1.2334997 1.2464519 1.2555566 1.2692147 1.3115231 1.3682617 1.3590395 1.2937334 1.2419628 1.2210833 1.2118333 1.2101265 1.2232268 1.2398910 1.2626555 1.2782269 1.2848272 1.3028939 1.3300167 1.3605275 1.3774571 1.3891067 1.4206690 1.4638512 1.5094138 1.5089274 1.5009419 1.5156695 1.5491376 1.5597308 1.5291337 1.4907470 1.4911291 1.5239089 1.5603239 1.5662333 1.5350125 1.4796784 1.4479771 1.4204024 -9999.0000 -9999.0000 -9999.0000
1.1977611 1.1876139 1.1839929 1.1964870 1.2350454 1.2780946 1.3051889 1.3071154 1.2989004 1.2856250 1.2791974 1.2708749 1.2450497 1.2340686 1.2395409 1.2560281 1.2662260 1.2784210 1.3281792 1.3863451 1.3952998 1.3415398 1.2813190 1.2501556 1.2408393 1.2282267 1.2295145 1.2351339 1.2477297 1.2501959 1.2574560 1.2662649 1.2860417 1.3189920 1.3466131 1.3648977 1.3895537 1.4261859 1.4767374 1.4907816 1.5011016 1.5058578 1.5271693 1.5558564 1.5579603 1.5387882 1.5173574 1.5187774 1.5292451 1.5417319 1.5480457 1.5418352 1.5698770 1.6173497 1.2294844 -9999.0000 -9999.0000
1.2262255 1.2226579 1.2197787 1.2366382 1.2793659 1.3157719 1.3286520 1.3302005 1.3258187 1.3071730 1.2975545 1.2817869 1.2590370 1.2545121 1.2579008 1.2641043 1.2705754 1.2912566 1.3363498 1.3766129 1.3973503 1.3673060 1.3160162 1.2783748 1.2702210 1.2607986 1.2414920 1.2234274 1.2168703 1.2129673 1.2213863 1.2267200 1.2456980 1.2722002 1.3026763 1.3244552 1.3364555 1.3590863 1.4005762 1.4260587 1.4466243 1.4463040 1.4495071 1.4915195 1.5516534 1.5771769 1.5475375 1.5160214 1.5049905 1.5031544 1.5254419 1.5445882 1.5913087 1.6649892 -9999.0000 -9999.0000 -9999.0000
1.2630426 1.2594074 1.2697530 1.2969384 1.3313577 1.3558776 1.3569751 1.3628793 1.3736290 1.3660954 1.3442647 1.3094306 1.2896211 1.2749987 1.2675384 1.2694641 1.2895558 1.3260074 1.3555129 1.3743749 1.3833916 1.3685550 1.3350819 1.3012274 1.2875950 1.2786433 1.2676623 1.2601671 1.2538715 1.2460259 1.2431766 1.2368366 1.2418641 1.2542006 1.2805638 1.3010874 1.2983312 1.3071410 1.3350094 1.3671359 1.3903373 1.3950891 1.4074679 1.4593301 1.5401314 1.5837825 1.5607128 -9999.0000 -9999.0000 -9999.0000 -9999.0000 -9999.0000 -9999.0000 -9999.0000 -9999.0000 -9999.0000 -9999.0000
1.3208681 1.3078611 1.3266615 1.3777116 1.4064289 1.3995551 1.3961329 1.4185541 1.4431766 1.4556821 1.4252813 1.3715456 1.3359557 1.2985817 1.2733262 1.2831022 1.3300637 1.3646759 1.3720652 1.3713037 1.3654006 1.3539648 1.3353551 1.3185581 1.3005650 1.2911519 1.3038131 1.3291877 1.3414060 1.3487736 1.3526046 1.3451760 1.3317975 1.3271943 1.3320836 1.3335585 1.3259517 1.3281803 1.3427845 1.3638534 1.3849707 1.4003404 1.4396968 1.4790389 1.5357424 1.5650954 -9999.0000 -9999.0000 -9999.0000 -9999.0000 -9999.0000 -9999.0000 -9999.0000 -9999.0000 -9999.0000 -9999.0000 -9999.0000
1.3809088 1.3604456 1.3721892 1.4305728 1.4705004 1.4424448 1.4194773 1.4616562 1.5085288 1.5255720 1.5101218 1.4431955 1.3660906 1.3143957 1.3002855 1.3149526 1.3477829 1.3775767 1.3731834 1.3483634 1.3360143 1.3276104 1.3293359 1.3178679 1.3115485 1.3295647 1.3780841 1.4187598 1.4314607 1.4426509 1.4492306 1.4426506 1.4341770 1.4287609 1.4308184 1.4277359 1.4255162 1.4172452 1.4136411 1.4242073 1.4436565 1.4635619 1.4894380 1.5026435 1.5346428 1.5559126 -9999.0000 -9999.0000 -9999.0000 -9999.0000 -9999.0000 -9999.0000 -9999.0000 -9999.0000 -9999.0000 -9999.0000 -9999.0000
1.4436407 1.4188859 1.4159407 1.4448714 1.4963454 1.4910976 1.3356292 1.0414110 0.79460543 0.78523765 1.0885332 1.5250811 1.4555552 1.3764150 1.3683335 1.3688825 1.3558813 1.3616188 1.3579232 1.3285170 1.3033968 1.3022484 1.3116667 1.3129996 1.3377691 1.3913135 1.4569108 1.4912552 1.5037788 1.5077326 1.5161618 1.5224670 1.5142631 1.5018602 1.5032985 1.5019641 1.5026083 1.4973374 1.4949645 1.4969410 1.5071015 1.5165497 1.5283210 1.5380171 1.5537076 1.5671118 1.5507198 -9999.0000 -9999.0000 -9999.0000 -9999.0000 -9999.0000 -9999.0000 -9999.0000 -9999.0000 -9999.0000 -9999.0000
1.5109438 1.4686162 1.4455041 1.2904691 0.96911390 0.93638603 0.92525141 -9999.0000 -9999.0000 -9999.0000 -9999.0000 0.92194600 1.5783505 1.5113746 1.4471726 1.4345683 1.4157493 1.3923904 1.3662926 1.3302454 1.3135781 1.3140788 1.3263193 1.3482586 1.3838363 1.4327087 1.4835153 1.5192034 1.5510876 1.5890701 1.6197170 1.6208747 1.6018589 1.5610131 1.5406961 1.5418396 1.5458398 1.5429012 1.5395774 1.5395756 1.5408668 1.5478013 1.5624979 1.5730844 1.5769347 1.5695852 1.5508671 1.5519384 -9999.0000 -9999.0000 -9999.0000 -9999.0000 -9999.0000 -9999.0000 -9999.0000 -9999.0000 -9999.0000
1.5406592 1.5710823 1.5241006 -9999.0000 -9999.0000 -9999.0000 0.92734176 -9999.0000 -9999.0000 -9999.0000 -9999.0000 -9999.0000 0.37690730 1.3092836 1.5574017 1.4812643 1.4795069 1.4773511 1.4570205 1.4274868 1.4082465 1.3913239 1.3760266 1.3871611 1.4191256 1.4640220 1.5149700 1.5623304 1.6129681 1.6801955 1.7163954 1.7259327 1.7004948 1.6647039 1.6175167 1.5835731 1.5755176 1.5791027 1.5862627 1.5920873 1.5929972 1.5940964 1.6050527 1.6167978 1.6184026 1.5951511 1.5695572 1.5625074 1.5637848 1.5898578 1.6317459 -9999.0000 -9999.0000 -9999.0000 -9999.0000 -9999.0000 -9999.0000
0.69995435 1.5434665 1.6444632 1.5246629 -9999.0000 -9999.0000 -9999.0000 -9999.0000 -9999.0000 -9999.0000 -9999.0000 -9999.0000 -9999.0000 -0.021515242 0.99811813 1.6011022 1.5510001 1.5353209 1.5263360 1.4971148 1.4784133 1.4621365 1.4387490 1.4299884 1.4396242 1.4780773 1.5341476 1.5940325 1.6766880 1.0096597 -9999.0000 -9999.0000 -9999.0000 1.1155206 1.6205209 1.6249099 1.5843357 1.5900367 1.6136373 1.6301039 1.6375353 1.6413829 1.6447737 1.6479815 1.6415486 1.6156403 1.5942713 1.5685426 1.5603097 1.5609131 1.5916373 1.6324274 -9999.0000 -9999.0000 -9999.0000 -9999.0000 -9999.0000
0.13578594 0.67992280 1.0619877 1.3370515 1.5016053 -9999.0000 -9999.0000 -9999.0000 -9999.0000 -9999.0000 -9999.0000 -9999.0000 -9999.0000 -9999.0000 -0.020615228 1.1242069 1.6923627 1.5958846 1.5635619 1.5434569 1.5204301 1.5133632 1.5015415 1.4947251 1.4993500 1.5301890 1.6016985 1.6825884 -9999.0000 -9999.0000 -9999.0000 -9999.0000 -9999.0000 -9999.0000 0.52359113 1.3333686 1.6727874 1.6355607 1.6460484 1.6599885 1.6678063 1.6734670 1.6862448 1.6846056 1.6620321 1.6332396 1.6160217 1.5953442 1.5767793 1.5481137 1.5461550 1.5919137 1.6472606 1.6860370 -9999.0000 -9999.0000 -9999.0000
-9999.0000 0.030216711 -9999.0000 -9999.0000 1.3161779 1.5500996 -9999.0000 -9999.0000 -9999.0000 -9999.0000 -9999.0000 -9999.0000 -9999.0000 -9999.0000 -9999.0000 0.058341064 1.1290117 1.6969160 1.6080428 1.5728409 1.5615271 1.5504950 1.5471591 1.5594371 1.5780226 1.6234350 1.7076014 0.98182638 -9999.0000 -9999.0000 -9999.0000 -9999.0000 -9999.0000 -9999.0000 -9999.0000 -9999.0000 1.4023790 1.7414971 1.7034991 1.6908030 1.6874416 1.6958936 1.7235904 1.7273236 1.6939182 1.6504942 1.6264416 1.6134374 1.6001302 1.5701710 1.5565385 1.5802376 1.6197039 1.6663295 1.7052318 -9999.0000 -9999.0000
-9999.0000 -9999.0000 -9999.0000 -9999.0000 -9999.0000 1.4482023 1.4827353 -9999.0000 -9999.0000 -9999.0000 -9999.0000 -9999.0000 -9999.0000 -9999.0000 -9999.0000 -9999.0000 0.10910969 1.0449390 1.6958106 1.6339882 1.6161053 1.5989267 1.5874159 1.6071705 1.6538407 1.7304064 1.4079265 0.51407580 -9999.0000 -9999.0000 -9999.0000 -9999.0000 -9999.0000 -9999.0000 -9999.0000 -9999.0000 0.45268551 1.3100652 1.7751924 1.7197699 1.7023891 1.7230265 1.7458550 1.7318506 1.6978875 1.6715117 1.6613192 1.6563582 1.6425414 1.6207928 1.6080502 1.6136515 1.6213288 1.6528412 1.7037896 1.7579603 -9999.0000
-9999.0000 -9999.0000 -9999.0000 -9999.0000 -9999.0000 -9999.0000 -9999.0000 -9999.0000 -9999.0000 -9999.0000 -9999.0000 -9999.0000 -9999.0000 -9999.0000 -9999.0000 -9999.0000 -9999.0000 -9999.0000 1.0525580 1.7108537 1.6538997 1.6069033 1.5916299 1.6355577 1.6867653 1.1669906 0.66192717 -9999.0000 -9999.0000 -9999.0000 -9999.0000 -9999.0000 -9999.0000 -9999.0000 -9999.0000 -9999.0000 -9999.0000 0.19965570 0.89918657 1.5504837 1.7573341 1.7399110 1.7176390 1.6893833 1.6751456 1.6735267 1.6791860 1.6791562 1.6802468 1.6745021 1.6671520 1.6564413 1.6585160 1.6776419 1.7119920 1.7560734 1.8298729
-9999.0000 -9999.0000 -9999.0000 -9999.0000 -9999.0000 -9999.0000 -9999.0000 -9999.0000 -9999.0000 -9999.0000 -9999.0000 -9999.0000 -9999.0000 -9999.0000 -9999.0000 -9999.0000 -9999.0000 -9999.0000 -9999.0000 1.0539224 1.6789760 1.6327823 1.6343734 1.6870757 1.3135610 -9999.0000 -9999.0000 -9999.0000 -9999.0000 -9999.0000 -9999.0000 -9999.0000 -9999.0000 -9999.0000 -9999.0000 -9999.0000 -9999.0000 -9999.0000 -9999.0000 0.51329285 1.0989136 1.5136498 1.6967811 1.6665182 1.6601767 1.6616475 1.6702732 1.6789701 1.6932557 1.6975857 1.7010161 1.7009050 1.7081936 1.7230503 1.7314466 1.7555897 1.7980010
