data/glamos/distributed_mass_balance_grids/tortin/2025_ann_fix.grid
ncols        131
nrows        142
xllcorner    2589430.000000000000
yllcorner    1102910.000000000000
cellsize     10.000000000000
NODATA_value  -9999
[rows 75 to 99 of 142, columns 57 to 113 of 131]
-2.4568571 -2.4245789 -2.3682144 -2.3206521 -2.2512857 -2.1764265 -2.1326869 -2.1326754 -2.0970503 -2.0310965 -1.9490744 -1.9031871 -1.8536541 -1.8519581 -1.9389780 -9999.0000 -9999.0000 -9999.0000 -9999.0000 -9999.0000 -9999.0000 -9999.0000 -9999.0000 -9999.0000 -9999.0000 -9999.0000 -9999.0000 -9999.0000 -9999.0000 -9999.0000 -9999.0000 -9999.0000 -9999.0000 -9999.0000 -9999.0000 -9999.0000 -9999.0000 -9999.0000 -9999.0000 -9999.0000 -9999.0000 -9999.0000 -9999.0000 -9999.0000 -9999.0000 -9999.0000 -9999.0000 -9999.0000 -9999.0000 -9999.0000 -9999.0000 -9999.0000 -9999.0000 -9999.0000 -9999.0000 -9999.0000 -9999.0000
-2.4929336 -2.4324964 -2.3580292 -2.3224496 -2.2725351 -2.2346039 -2.1704623 -2.1451157 -2.1379969 -2.1018544 -2.0388847 -1.9544781 -1.8826386 -1.8094473 -1.7813568 -1.8529489 -9999.0000 -9999.0000 -9999.0000 -9999.0000 -9999.0000 -9999.0000 -9999.0000 -9999.0000 -9999.0000 -9999.0000 -9999.0000 -9999.0000 -9999.0000 -9999.0000 -9999.0000 -9999.0000 -9999.0000 -9999.0000 -9999.0000 -9999.0000 -9999.0000 -9999.0000 -9999.0000 -9999.0000 -9999.0000 -9999.0000 -9999.0000 -9999.0000 -9999.0000 -9999.0000 -9999.0000 -9999.0000 -9999.0000 -9999.0000 -9999.0000 -9999.0000 -9999.0000 -9999.0000 -9999.0000 -9999.0000 -9999.0000
-2.5161061 -2.4555543 -2.3732832 -2.3348897 -2.2816388 -2.2354885 -2.1807667 -2.1346822 -2.1036136 -2.0756720 -2.0223433 -1.9174045 -1.8077274 -1.7303748 -1.6705402 -1.6296820 -1.6137588 -1.7080443 -9999.0000 -9999.0000 -9999.0000 -9999.0000 -9999.0000 -9999.0000 -9999.0000 -9999.0000 -9999.0000 -9999.0000 -9999.0000 -9999.0000 -9999.0000 -9999.0000 -9999.0000 -9999.0000 -9999.0000 -9999.0000 -9999.0000 -9999.0000 -9999.0000 -9999.0000 -9999.0000 -9999.0000 -9999.0000 -9999.0000 -9999.0000 -9999.0000 -9999.0000 -9999.0000 -9999.0000 -9999.0000 -9999.0000 -9999.0000 -9999.0000 -9999.0000 -9999.0000 -9999.0000 -9999.0000
-2.5126524 -2.4708048 -2.4288142 -2.3523874 -2.2814439 -2.2500400 -2.2097248 -2.1519536 -2.0976136 -2.0564945 -2.0155999 -1.9465146 -1.8447548 -1.7612600 -1.6939979 -1.5978858 -1.5095080 -1.4948850 -9999.0000 -9999.0000 -9999.0000 -9999.0000 -9999.0000 -9999.0000 -9999.0000 -9999.0000 -9999.0000 -9999.0000 -9999.0000 -9999.0000 -9999.0000 -9999.0000 -9999.0000 -9999.0000 -9999.0000 -9999.0000 -9999.0000 -9999.0000 -9999.0000 -9999.0000 -9999.0000 -9999.0000 -9999.0000 -9999.0000 -9999.0000 -9999.0000 -9999.0000 -9999.0000 -9999.0000 -9999.0000 -9999.0000 -9999.0000 -9999.0000 -9999.0000 -9999.0000 -9999.0000 -9999.0000
-2.4769721 -2.4537668 -2.4425675 -2.3752810 -2.2831398 -2.2043993 -2.1960589 -2.1733423 -2.1238704 -2.0841033 -2.0740004 -2.0406803 -1.9571057 -1.8767480 -1.7690235 -1.6632502 -1.5448304 -1.4362134 -1.4761842 -9999.0000 -9999.0000 -9999.0000 -9999.0000 -9999.0000 -9999.0000 -9999.0000 -9999.0000 -9999.0000 -9999.0000 -9999.0000 -9999.0000 -9999.0000 -9999.0000 -9999.0000 -9999.0000 -9999.0000 -9999.0000 -9999.0000 -9999.0000 -9999.0000 -9999.0000 -9999.0000 -9999.0000 -9999.0000 -9999.0000 -9999.0000 -9999.0000 -9999.0000 -9999.0000 -9999.0000 -9999.0000 -9999.0000 -9999.0000 -9999.0000 -9999.0000 -9999.0000 -9999.0000
-2.4506293 -2.4421921 -2.4055376 -2.3626556 -2.3223506 -2.2580150 -2.1839613 -2.1538680 -2.1506371 -2.1155007 -2.0972020 -2.0934058 -2.0479340 -1.9785817 -1.8668961 -1.7710720 -1.6611992 -1.5342897 -1.4228253 -1.4544829 -9999.0000 -9999.0000 -9999.0000 -9999.0000 -9999.0000 -9999.0000 -9999.0000 -9999.0000 -9999.0000 -9999.0000 -9999.0000 -9999.0000 -9999.0000 -9999.0000 -9999.0000 -9999.0000 -9999.0000 -9999.0000 -9999.0000 -9999.0000 -9999.0000 -9999.0000 -9999.0000 -9999.0000 -9999.0000 -9999.0000 -9999.0000 -9999.0000 -9999.0000 -9999.0000 -9999.0000 -9999.0000 -9999.0000 -9999.0000 -9999.0000 -9999.0000 -9999.0000
-2.4186580 -2.4037618 -2.3746219 -2.3551549 -2.3198264 -2.2567729 -2.1749482 -2.1267453 -2.1266736 -2.1156617 -2.0911827 -2.0835686 -2.0560886 -2.0061349 -1.9546863 -1.8596832 -1.7677868 -1.6143117 -1.4273537 -1.3428048 -9999.0000 -9999.0000 -9999.0000 -9999.0000 -9999.0000 -9999.0000 -9999.0000 -9999.0000 -9999.0000 -9999.0000 -9999.0000 -9999.0000 -9999.0000 -9999.0000 -9999.0000 -9999.0000 -9999.0000 -9999.0000 -9999.0000 -9999.0000 -9999.0000 -9999.0000 -9999.0000 -9999.0000 -9999.0000 -9999.0000 -9999.0000 -9999.0000 -9999.0000 -9999.0000 -9999.0000 -9999.0000 -9999.0000 -9999.0000 -9999.0000 -9999.0000 -9999.0000
-2.4001861 -2.3720998 -2.3524622 -2.3327180 -2.2865638 -2.2230979 -2.1641842 -2.1181999 -2.0821889 -2.0792967 -2.0755682 -2.0699139 -2.0561970 -2.0276531 -1.9725783 -1.9029437 -1.8473358 -1.7257228 -1.5136247 -1.3496383 -1.3317752 -1.4680600 -1.5490646 -1.5635640 -9999.0000 -9999.0000 -9999.0000 -9999.0000 -9999.0000 -9999.0000 -9999.0000 -9999.0000 -9999.0000 -9999.0000 -9999.0000 -9999.0000 -9999.0000 -9999.0000 -9999.0000 -9999.0000 -9999.0000 -9999.0000 -9999.0000 -9999.0000 -9999.0000 -9999.0000 -9999.0000 -9999.0000 -9999.0000 -9999.0000 -9999.0000 -9999.0000 -9999.0000 -9999.0000 -9999.0000 -9999.0000 -9999.0000
-2.3309697 -2.3126764 -2.2819794 -2.2672161 -2.2675795 -2.2355927 -2.1622963 -2.0947176 -2.0645290 -2.0561173 -2.0468312 -2.0235918 -2.0226361 -2.0008841 -1.9575317 -1.8841999 -1.8357267 -1.7421613 -1.5992555 -1.4526231 -1.4093065 -1.4653966 -1.5191287 -1.6160146 -1.6157699 -9999.0000 -9999.0000 -9999.0000 -9999.0000 -9999.0000 -9999.0000 -9999.0000 -9999.0000 -9999.0000 -9999.0000 -9999.0000 -9999.0000 -9999.0000 -9999.0000 -9999.0000 -9999.0000 -9999.0000 -9999.0000 -9999.0000 -9999.0000 -9999.0000 -9999.0000 -9999.0000 -9999.0000 -9999.0000 -9999.0000 -9999.0000 -9999.0000 -9999.0000 -9999.0000 -9999.0000 -9999.0000
-2.2756056 -2.2612452 -2.2157211 -2.2033211 -2.2094624 -2.1868892 -2.1357142 -2.0630459 -2.0116574 -2.0203078 -2.0065903 -1.9716684 -1.9210827 -1.8972435 -1.8517606 -1.7965457 -1.7448190 -1.7116473 -1.6276864 -1.5179806 -1.4320651 -1.3908823 -1.4248332 -1.5155796 -1.6051866 -1.6272508 -9999.0000 -9999.0000 -9999.0000 -9999.0000 -9999.0000 -9999.0000 -9999.0000 -9999.0000 -9999.0000 -9999.0000 -9999.0000 -9999.0000 -9999.0000 -1.9592743 -9999.0000 -9999.0000 -9999.0000 -9999.0000 -9999.0000 -9999.0000 -9999.0000 -9999.0000 -9999.0000 -9999.0000 -9999.0000 -9999.0000 -9999.0000 -9999.0000 -9999.0000 -9999.0000 -9999.0000
-2.1938354 -2.1559925 -2.1293304 -2.1084698 -2.1197408 -2.1148032 -2.0875375 -2.0220650 -1.9445004 -1.9079492 -1.9010555 -1.8971222 -1.8275485 -1.7533791 -1.6893881 -1.6570041 -1.6263097 -1.6181518 -1.5934574 -1.5029727 -1.4038069 -1.3237622 -1.3455943 -1.4164198 -1.4703464 -1.5037477 -1.4864192 -1.5459324 -9999.0000 -9999.0000 -9999.0000 -9999.0000 -9999.0000 -1.0139685 -0.91052663 -0.82252895 -0.63407264 -0.50799025 -0.34743035 -0.22208089 -0.89395679 -2.0169072 -2.0319685 -1.7399333 -9999.0000 -9999.0000 -9999.0000 -9999.0000 -9999.0000 -9999.0000 -9999.0000 -9999.0000 -9999.0000 -9999.0000 -9999.0000 -9999.0000 -9999.0000
-2.0740004 -2.0304688 -1.9953542 -1.9692730 -1.9926005 -2.0204908 -2.0083430 -1.9515877 -1.8644612 -1.7815018 -1.7207594 -1.7186580 -1.6758965 -1.6107321 -1.5410179 -1.4929804 -1.4678322 -1.4673895 -1.5028554 -1.4947580 -1.4119911 -1.3505057 -1.3688021 -1.3931218 -1.3719975 -1.3069862 -1.2775863 -1.3625743 -1.4516337 -1.5201599 -1.4655917 -1.3286143 -1.1478265 -0.93309574 -0.80969465 -0.73686960 -0.62031603 -0.54032284 -0.51108915 -0.47302696 -0.35129019 -0.21722699 -0.094408300 0.041588068 -0.78125525 -9999.0000 -9999.0000 -9999.0000 -9999.0000 -9999.0000 -9999.0000 -9999.0000 -9999.0000 -9999.0000 -9999.0000 -9999.0000 -9999.0000
-1.9312309 -1.8806907 -1.8339593 -1.8182558 -1.8140632 -1.8411396 -1.8438572 -1.8223615 -1.7559336 -1.6376382 -1.5446423 -1.4899919 -1.4381248 -1.3710581 -1.3296280 -1.3055086 -1.2776055 -1.3093075 -1.3755810 -1.4220401 -1.4233875 -1.4168615 -1.4256223 -1.4233528 -1.3668762 -1.3129982 -1.2652846 -1.2792321 -1.2697141 -1.3181629 -1.2919767 -1.2350061 -1.1252990 -0.93044279 -0.80082906 -0.71386100 -0.63939002 -0.58688815 -0.58590732 -0.62287687 -0.58693301 -0.41447075 -0.19206349 -0.069391932 -9999.0000 -9999.0000 -9999.0000 -9999.0000 -9999.0000 -9999.0000 -9999.0000 -9999.0000 -9999.0000 -9999.0000 -9999.0000 -9999.0000 -9999.0000
-1.7293896 -1.6564127 -1.6203411 -1.6085747 -1.6074373 -1.6216665 -1.6460037 -1.6340463 -1.5744195 -1.4927880 -1.3614022 -1.2572430 -1.1875016 -1.1380899 -1.1180693 -1.1248932 -1.1446388 -1.2073133 -1.2621779 -1.3438548 -1.3863407 -1.4154887 -1.4439994 -1.4316745 -1.4093960 -1.3650515 -1.3253281 -1.2931557 -1.2789105 -1.2471291 -1.2302629 -1.2042942 -1.1571794 -1.0461589 -0.94577150 -0.84193841 -0.73511018 -0.65562841 -0.60983399 -0.63272082 -0.63790882 -0.50627443 -0.33180140 -0.18568153 -9999.0000 -9999.0000 -9999.0000 -9999.0000 -9999.0000 -9999.0000 -9999.0000 -9999.0000 -9999.0000 -9999.0000 -9999.0000 -9999.0000 -9999.0000
-1.4545474 -1.3600362 -1.3314996 -1.3550991 -1.3758767 -1.3889833 -1.4229930 -1.4322750 -1.4108983 -1.3453273 -1.2270468 -1.1211407 -1.0752175 -1.0722340 -1.0808385 -1.0956602 -1.1352476 -1.1974518 -1.2583682 -1.3332975 -1.3575072 -1.3914597 -1.4257631 -1.4384796 -1.4341387 -1.4104157 -1.3840258 -1.3451075 -1.3290925 -1.2925029 -1.2793945 -1.2618271 -1.2299466 -1.1732741 -1.0953045 -1.0123116 -0.89132507 -0.79355532 -0.76226166 -0.72253691 -0.60186727 -0.46155210 -0.30531448 -0.12094095 -0.29196390 -9999.0000 -9999.0000 -9999.0000 -9999.0000 -9999.0000 -9999.0000 -9999.0000 -9999.0000 -9999.0000 -9999.0000 -9999.0000 -9999.0000
-1.1534787 -1.0393215 -1.0467352 -1.1405225 -1.2119214 -1.2256415 -1.2409834 -1.2720771 -1.2632821 -1.2236253 -1.1706420 -1.0958849 -1.0604048 -1.0792976 -1.1247319 -1.1557672 -1.1807088 -1.2353919 -1.2787198 -1.3357386 -1.3546663 -1.3838241 -1.3900585 -1.3921697 -1.4098627 -1.4405366 -1.4425581 -1.4032931 -1.3434981 -1.3286014 -1.3286525 -1.3222193 -1.2727761 -1.2372754 -1.1687423 -1.0752663 -0.95321734 -0.86722858 -0.81399998 -0.75757384 -0.61862081 -0.41827183 -0.18239429 -0.037527292 0.058387488 -9999.0000 -9999.0000 -9999.0000 -9999.0000 -9999.0000 -9999.0000 -9999.0000 -9999.0000 -9999.0000 -9999.0000 -9999.0000 -9999.0000
-1.0240580 -1.1303402 -0.98080937 -1.0459788 -1.1090237 -1.1239504 -1.1361592 -1.1672471 -1.1794860 -1.1705565 -1.1407392 -1.1281858 -1.0948673 -1.1039764 -1.1508844 -1.1926419 -1.2376354 -1.2692994 -1.3211857 -1.3669379 -1.4116502 -1.4469815 -1.4179328 -1.3979668 -1.4117141 -1.4369564 -1.4361368 -1.4116455 -1.3802054 -1.3610896 -1.3385291 -1.3317215 -1.2900054 -1.2202409 -1.1359805 -1.0470990 -0.93979331 -0.82788142 -0.74452575 -0.64252191 -0.55952199 -0.41348808 -0.16112115 -0.040984842 0.079069633 -9999.0000 -9999.0000 -9999.0000 -9999.0000 -9999.0000 -9999.0000 -9999.0000 -9999.0000 -9999.0000 -9999.0000 -9999.0000 -9999.0000
-9999.0000 -9999.0000 -9999.0000 -9999.0000 -1.0360860 -1.0387667 -1.0523981 -1.0930145 -1.1268798 -1.1391689 -1.1336650 -1.1361667 -1.1400474 -1.1521723 -1.1936245 -1.2322310 -1.2891791 -1.3395651 -1.4066405 -1.4209150 -1.4755997 -1.5042578 -1.5065394 -1.4831251 -1.4439601 -1.4032324 -1.3816400 -1.3844422 -1.3733506 -1.3677144 -1.3310583 -1.3214455 -1.2802241 -1.2099306 -1.1274684 -1.0757705 -0.99426180 -0.86536758 -0.72842422 -0.57326496 -0.46830547 -0.40388773 -0.25014921 -0.061947260 0.064963766 -9999.0000 -9999.0000 -9999.0000 -9999.0000 -9999.0000 -9999.0000 -9999.0000 -9999.0000 -9999.0000 -9999.0000 -9999.0000 -9999.0000
-9999.0000 -9999.0000 -9999.0000 -9999.0000 -9999.0000 -1.0368756 -1.0352642 -1.0565682 -1.0908628 -1.1255762 -1.1350751 -1.1442569 -1.1629862 -1.1888410 -1.2032714 -1.2595701 -1.3238969 -1.4103820 -1.4791373 -1.5048072 -1.5194352 -1.5337983 -1.5445891 -1.5233932 -1.4867609 -1.4292146 -1.3804110 -1.3714652 -1.3648509 -1.3690942 -1.3625558 -1.3203410 -1.2590445 -1.2234791 -1.1563703 -1.1179122 -1.0710386 -0.94776050 -0.80697466 -0.64210855 -0.49303345 -0.41305455 -0.31438149 -0.10076855 0.067178903 -0.85509899 -9999.0000 -9999.0000 -9999.0000 -9999.0000 -9999.0000 -9999.0000 -9999.0000 -9999.0000 -9999.0000 -9999.0000 -9999.0000
-9999.0000 -9999.0000 -9999.0000 -9999.0000 -9999.0000 -1.1432130 -1.1081229 -1.0612508 -1.0761349 -1.0991223 -1.1139853 -1.1391509 -1.1606464 -1.1936318 -1.2130255 -1.2529752 -1.3463279 -1.4719031 -1.5469567 -1.5575337 -1.5327534 -1.5320686 -1.5403634 -1.5373869 -1.5058703 -1.4812243 -1.4481814 -1.4127550 -1.4112005 -1.3967767 -1.3789794 -1.3356166 -1.2582676 -1.2012804 -1.1701395 -1.1402452 -1.0727308 -1.0032460 -0.87543631 -0.77787911 -0.63490239 -0.49789060 -0.36629081 -0.14640710 0.025767979 -0.50374302 -9999.0000 -9999.0000 -9999.0000 -9999.0000 -9999.0000 -9999.0000 -9999.0000 -9999.0000 -9999.0000 -9999.0000 -9999.0000
-9999.0000 -9999.0000 -9999.0000 -1.4431116 -1.3853943 -1.3199612 -1.2445016 -1.1593310 -1.1098993 -1.1013016 -1.1183302 -1.1383299 -1.1809908 -1.2394741 -1.2822397 -1.3147438 -1.3768508 -1.4475079 -1.4697016 -1.4917966 -1.5016491 -1.5198501 -1.5433589 -1.5769025 -1.5582430 -1.5349198 -1.4992825 -1.4709397 -1.4536048 -1.4182485 -1.3681297 -1.2958085 -1.2074754 -1.1654451 -1.1036508 -1.0669792 -1.0079854 -0.97880702 -0.90944892 -0.83150039 -0.74716187 -0.64056799 -0.42952526 -0.19012833 -0.047727690 0.055141403 -9999.0000 -9999.0000 -9999.0000 -9999.0000 -9999.0000 -9999.0000 -9999.0000 -9999.0000 -9999.0000 -9999.0000 -9999.0000
-1.3251474 -1.3771190 -1.4255105 -1.4668036 -1.4980850 -1.4526807 -1.3917061 -1.3458542 -1.2737445 -1.2262663 -1.2105122 -1.2369174 -1.2863749 -1.3581443 -1.4078062 -1.3878725 -1.3026133 -1.2123320 -1.1994165 -1.2500329 -1.3168498 -1.4032374 -1.4807448 -1.5617445 -1.6027471 -1.5929248 -1.5239444 -1.4711262 -1.4305347 -1.3719956 -1.2977622 -1.1941674 -1.1196906 -1.0486278 -1.0051874 -0.95056075 -0.92292217 -0.88239870 -0.86167211 -0.82398487 -0.76684755 -0.66492565 -0.47065833 -0.23956722 -0.053349182 0.057679989 -0.30458416 -9999.0000 -9999.0000 -9999.0000 -9999.0000 -9999.0000 -9999.0000 -9999.0000 -9999.0000 -9999.0000 -9999.0000
-1.3734314 -1.3851294 -1.4326235 -1.5146789 -1.5805409 -1.5919599 -1.5118299 -1.4740480 -1.4472383 -1.3949733 -1.3418735 -1.3496609 -1.3902949 -1.4498812 -1.4821341 -1.4191698 -1.2300598 -1.0078446 -0.91590621 -0.94796122 -1.0378072 -1.1328831 -1.2347842 -1.3591931 -1.4839540 -1.5336435 -1.5157440 -1.4254099 -1.3041713 -1.1891853 -1.0920806 -0.97156362 -0.90282509 -0.87464271 -0.86139834 -0.84661844 -0.79822233 -0.76463951 -0.74249646 -0.76811461 -0.74836082 -0.63585176 -0.46875906 -0.27187830 -0.071425681 0.061624262 0.16163865 -9999.0000 -9999.0000 -9999.0000 -9999.0000 -9999.0000 -9999.0000 -9999.0000 -9999.0000 -9999.0000 -9999.0000
-1.3827165 -1.4009892 -1.4738801 -1.5157094 -1.5564453 -1.5999281 -1.5931855 -1.5433970 -1.5225146 -1.4983525 -1.4642361 -1.4340243 -1.4401707 -1.4643913 -1.4875201 -1.4572752 -1.2859228 -1.0461451 -0.83320708 -0.78943744 -0.80798628 -0.83510849 -0.92447848 -1.0559551 -1.1858970 -1.3186298 -1.3678316 -1.2754748 -1.0796417 -0.89388377 -0.76584107 -0.68375715 -0.64433369 -0.63858821 -0.65311790 -0.62741572 -0.59807169 -0.59707084 -0.63616634 -0.67057640 -0.62418884 -0.49302673 -0.36508459 -0.25824164 -0.14445014 -0.051823816 0.083069183 0.17212383 0.22484837 -9999.0000 -9999.0000 -9999.0000 -9999.0000 -9999.0000 -9999.0000 -9999.0000 -9999.0000
-1.4109010 -1.4784679 -1.5197847 -1.5299758 -1.5284041 -1.5669833 -1.5885987 -1.5954334 -1.5863081 -1.5595446 -1.5442283 -1.5167769 -1.5067492 -1.4875445 -1.4662517 -1.4324695 -1.3423506 -1.1067484 -0.85573264 -0.72817186 -0.67954722 -0.67990824 -0.70114648 -0.76737113 -0.86944995 -0.93626257 -0.93010264 -0.84525973 -0.69727034 -0.57107456 -0.51611969 -0.50338177 -0.47234392 -0.43761543 -0.42661355 -0.43377215 -0.43373940 -0.43816532 -0.43356295 -0.37585930 -0.25871184 -0.13771182 -9999.0000 -9999.0000 -9999.0000 -9999.0000 0.022671203 0.21398146 0.35560448 -9999.0000 -9999.0000 -9999.0000 -9999.0000 -9999.0000 -9999.0000 -9999.0000 -9999.0000
