data/glamos/distributed_mass_balance_grids/tortin/2025_ann_fix.grid
ncols        131
nrows        142
xllcorner    2589430.000000000000
yllcorner    1102910.000000000000
cellsize     10.000000000000
NODATA_value  -9999
[rows 75 to 99 of 142, columns 0 to 56 of 131]
-9999.0000 -9999.0000 -9999.0000 -9999.0000 -9999.0000 -9999.0000 -9999.0000 -9999.0000 -9999.0000 -9999.0000 -9999.0000 -9999.0000 -9999.0000 -9999.0000 -9999.0000 -9999.0000 -9999.0000 -9999.0000 -9999.0000 -9999.0000 -9999.0000 -9999.0000 -9999.0000 -9999.0000 -9999.0000 -3.0045813 -3.0027375 -3.0038534 -2.9967366 -2.9812084 -2.9726180 -2.9668803 -2.9606915 -2.9592287 -2.9567519 -2.9418299 -2.9225083 -2.8734191 -2.8598108 -2.8361998 -2.8060042 -2.7848819 -2.7632295 -2.7259312 -2.7650354 -2.8092014 -2.8137861 -2.8068684 -2.7798699 -2.7366590 -2.7151112 -2.6896937 -2.6383708 -2.6548064 -2.6476613 -2.6077159 -2.5392403
-9999.0000 -9999.0000 -9999.0000 -9999.0000 -9999.0000 -9999.0000 -9999.0000 -9999.0000 -9999.0000 -9999.0000 -9999.0000 -9999.0000 -9999.0000 -9999.0000 -9999.0000 -9999.0000 -9999.0000 -9999.0000 -9999.0000 -9999.0000 -9999.0000 -9999.0000 -9999.0000 -9999.0000 -2.9727524 -3.0081073 -3.0179363 -3.0167568 -3.0031034 -2.9912791 -2.9841357 -2.9720183 -2.9659389 -2.9608546 -2.9547176 -2.9439020 -2.8884585 -2.8558091 -2.8407383 -2.8360145 -2.8174174 -2.7893879 -2.7575961 -2.7026667 -2.7046651 -2.7429665 -2.7820962 -2.7970366 -2.7837030 -2.7423311 -2.7198095 -2.7009690 -2.6511892 -2.6254945 -2.6065321 -2.6112966 -2.5769264
-9999.0000 -9999.0000 -9999.0000 -9999.0000 -9999.0000 -9999.0000 -9999.0000 -9999.0000 -9999.0000 -9999.0000 -9999.0000 -9999.0000 -9999.0000 -9999.0000 -9999.0000 -9999.0000 -9999.0000 -9999.0000 -9999.0000 -9999.0000 -9999.0000 -9999.0000 -9999.0000 -9999.0000 -2.9811017 -3.0291978 -3.0377736 -3.0333165 -3.0181275 -3.0057252 -2.9959021 -2.9892447 -2.9783828 -2.9588646 -2.9416779 -2.8982093 -2.8821460 -2.8608994 -2.8451615 -2.8301355 -2.8094066 -2.7778679 -2.7409590 -2.6815356 -2.6537578 -2.6767921 -2.7242994 -2.7716794 -2.7848251 -2.7489289 -2.7375761 -2.7181010 -2.6593864 -2.6188852 -2.5852941 -2.5694500 -2.5545718
-9999.0000 -9999.0000 -9999.0000 -9999.0000 -9999.0000 -9999.0000 -9999.0000 -9999.0000 -9999.0000 -9999.0000 -9999.0000 -9999.0000 -9999.0000 -9999.0000 -9999.0000 -9999.0000 -9999.0000 -9999.0000 -9999.0000 -9999.0000 -9999.0000 -9999.0000 -9999.0000 -9999.0000 -3.0325037 -3.0505228 -3.0544977 -3.0457343 -3.0271352 -3.0092372 -2.9974972 -2.9866033 -2.9727182 -2.9558340 -2.9084716 -2.8961736 -2.8934152 -2.8798382 -2.8524854 -2.8234823 -2.7956561 -2.7632852 -2.7038687 -2.6543386 -2.6147046 -2.6193912 -2.6511205 -2.6808394 -2.7122405 -2.7342566 -2.7330952 -2.6883316 -2.6577230 -2.6149775 -2.5521570 -2.5288423 -2.5163076
-9999.0000 -9999.0000 -9999.0000 -9999.0000 -9999.0000 -9999.0000 -9999.0000 -9999.0000 -9999.0000 -9999.0000 -9999.0000 -9999.0000 -9999.0000 -9999.0000 -9999.0000 -9999.0000 -9999.0000 -9999.0000 -9999.0000 -9999.0000 -9999.0000 -9999.0000 -9999.0000 -3.0100686 -3.0471888 -3.0510905 -3.0491056 -3.0388134 -3.0237615 -3.0045187 -2.9826375 -2.9648697 -2.9549401 -2.9033648 -2.8791901 -2.8693261 -2.8654132 -2.8508629 -2.8192415 -2.7932061 -2.7386054 -2.7016073 -2.6695366 -2.6308055 -2.5877644 -2.5444452 -2.5637944 -2.5967563 -2.6357322 -2.6448209 -2.6567026 -2.6585504 -2.6383259 -2.5775294 -2.5430632 -2.5167823 -2.4967400
-9999.0000 -9999.0000 -9999.0000 -9999.0000 -9999.0000 -9999.0000 -9999.0000 -9999.0000 -9999.0000 -9999.0000 -9999.0000 -9999.0000 -9999.0000 -9999.0000 -9999.0000 -9999.0000 -9999.0000 -9999.0000 -9999.0000 -9999.0000 -9999.0000 -9999.0000 -9999.0000 -9999.0000 -3.0492385 -3.0529372 -3.0507523 -3.0408682 -3.0204510 -2.9953915 -2.9683408 -2.9446454 -2.9268655 -2.8746982 -2.8550150 -2.8436568 -2.8303091 -2.8087791 -2.7552609 -2.7294615 -2.6944626 -2.6582292 -2.6315586 -2.6009872 -2.5594771 -2.5077861 -2.5145319 -2.5114959 -2.5418498 -2.5698251 -2.5677211 -2.5747700 -2.5710728 -2.5548151 -2.5331055 -2.4999006 -2.4668507
-9999.0000 -9999.0000 -9999.0000 -9999.0000 -9999.0000 -9999.0000 -9999.0000 -9999.0000 -9999.0000 -9999.0000 -9999.0000 -9999.0000 -9999.0000 -9999.0000 -9999.0000 -9999.0000 -9999.0000 -9999.0000 -9999.0000 -9999.0000 -9999.0000 -9999.0000 -9999.0000 -2.9607958 -3.0242923 -3.0389907 -3.0438730 -3.0364533 -3.0098919 -2.9735334 -2.9455193 -2.9250318 -2.9021380 -2.8575852 -2.8448951 -2.8222029 -2.7687196 -2.7419426 -2.7218584 -2.6958111 -2.6598076 -2.5948804 -2.5644918 -2.5651234 -2.5133117 -2.4867459 -2.4847612 -2.4676428 -2.4819213 -2.4857056 -2.5145898 -2.5221391 -2.5281010 -2.5246535 -2.5096172 -2.4819879 -2.4367871
-9999.0000 -9999.0000 -9999.0000 -9999.0000 -9999.0000 -9999.0000 -9999.0000 -9999.0000 -9999.0000 -9999.0000 -9999.0000 -9999.0000 -9999.0000 -9999.0000 -9999.0000 -9999.0000 -9999.0000 -9999.0000 -9999.0000 -9999.0000 -9999.0000 -9999.0000 -2.9074455 -2.9404127 -2.9549660 -2.9527324 -2.9543467 -2.9908753 -2.9795298 -2.9606469 -2.9070623 -2.8909243 -2.8765507 -2.8696382 -2.8541392 -2.8147353 -2.7448598 -2.7065874 -2.6517005 -2.6248598 -2.5989875 -2.5625937 -2.5366449 -2.5105074 -2.4792308 -2.4502171 -2.4405012 -2.4703375 -2.4921405 -2.4735904 -2.4720686 -2.4759946 -2.4810363 -2.4706004 -2.4384942 -2.4294095 -2.4217347
-9999.0000 -9999.0000 -9999.0000 -9999.0000 -9999.0000 -9999.0000 -9999.0000 -9999.0000 -9999.0000 -9999.0000 -9999.0000 -9999.0000 -9999.0000 -9999.0000 -9999.0000 -9999.0000 -9999.0000 -9999.0000 -9999.0000 -9999.0000 -9999.0000 -2.8086744 -2.8410231 -2.9039879 -2.9178708 -2.9126681 -2.9035107 -2.9060496 -2.9131324 -2.9129004 -2.8951158 -2.8723877 -2.8628178 -2.8575840 -2.8803369 -2.8140338 -2.7293525 -2.6483458 -2.6026042 -2.5648173 -2.5379845 -2.5230146 -2.5085165 -2.4819828 -2.4419815 -2.3975594 -2.4230052 -2.4635505 -2.4805354 -2.4439765 -2.3945292 -2.3881493 -2.3928614 -2.3863536 -2.3774862 -2.3713208 -2.3649772
-9999.0000 -9999.0000 -9999.0000 -9999.0000 -9999.0000 -9999.0000 -9999.0000 -9999.0000 -9999.0000 -9999.0000 -9999.0000 -9999.0000 -9999.0000 -9999.0000 -9999.0000 -9999.0000 -9999.0000 -9999.0000 -9999.0000 -9999.0000 -2.6911084 -2.7456538 -2.7749203 -2.8423139 -2.8700397 -2.8711853 -2.8608912 -2.8501221 -2.8591602 -2.8622190 -2.8533797 -2.8363419 -2.7921691 -2.7980955 -2.7930342 -2.7757310 -2.6943297 -2.5977156 -2.5172015 -2.4840889 -2.4685085 -2.4560297 -2.4634847 -2.4448840 -2.3884375 -2.3542262 -2.3801177 -2.4293876 -2.4122129 -2.3684444 -2.3299066 -2.2883228 -2.2891010 -2.2941674 -2.2924183 -2.2871900 -2.2814642
-9999.0000 -9999.0000 -9999.0000 -9999.0000 -9999.0000 -9999.0000 -9999.0000 -9999.0000 -9999.0000 -9999.0000 -9999.0000 -9999.0000 -9999.0000 -9999.0000 -9999.0000 -9999.0000 -9999.0000 -2.6882026 -2.6712164 -9999.0000 -2.6372497 -2.6857619 -2.7196146 -2.7750716 -2.7924851 -2.8041835 -2.8032934 -2.7963152 -2.7750923 -2.7826405 -2.7770756 -2.7628717 -2.7466825 -2.7186525 -2.6977648 -2.6847574 -2.6478094 -2.5606099 -2.4786440 -2.4462450 -2.4302610 -2.4181019 -2.4057706 -2.3839238 -2.3397663 -2.2603277 -2.2605039 -2.3275497 -2.3388713 -2.3133287 -2.2357097 -2.1785749 -2.1687172 -2.1982679 -2.2170106 -2.2105564 -2.2052808
-9999.0000 -9999.0000 -9999.0000 -9999.0000 -9999.0000 -9999.0000 -9999.0000 -9999.0000 -9999.0000 -9999.0000 -9999.0000 -9999.0000 -9999.0000 -9999.0000 -9999.0000 -9999.0000 -9999.0000 -2.5661669 -2.5583244 -2.5983725 -2.6177062 -2.6598031 -2.6929494 -2.7087000 -2.7049491 -2.7022883 -2.7050706 -2.7092228 -2.7097855 -2.7095909 -2.7057362 -2.6963052 -2.6865912 -2.6426820 -2.6181361 -2.5929278 -2.5623517 -2.5198851 -2.4594634 -2.4180272 -2.3916148 -2.3788922 -2.3682759 -2.3450139 -2.2709222 -2.1852192 -2.1255579 -2.1866295 -2.2257614 -2.2138961 -2.1378972 -2.0689687 -2.0433062 -2.0696097 -2.1139585 -2.1280166 -2.0927770
-9999.0000 -9999.0000 -9999.0000 -9999.0000 -9999.0000 -9999.0000 -9999.0000 -9999.0000 -9999.0000 -9999.0000 -9999.0000 -9999.0000 -9999.0000 -9999.0000 -9999.0000 -9999.0000 -9999.0000 -2.3506172 -2.4284747 -2.5526561 -2.6406815 -2.6662689 -2.6726021 -2.6601423 -2.6265635 -2.6460594 -2.6435212 -2.6207282 -2.6199352 -2.6165430 -2.6136952 -2.6056424 -2.5954343 -2.5900746 -2.5749968 -2.5167339 -2.4833263 -2.4518494 -2.4256870 -2.3957483 -2.3529855 -2.3388484 -2.3482197 -2.3301840 -2.2680540 -2.1561474 -2.0607000 -2.0646712 -2.1096385 -2.0827365 -2.0263451 -1.9821982 -1.9494435 -1.9452616 -1.9727154 -1.9980321 -1.9590478
-9999.0000 -9999.0000 -9999.0000 -9999.0000 -9999.0000 -9999.0000 -9999.0000 -9999.0000 -9999.0000 -9999.0000 -9999.0000 -9999.0000 -9999.0000 -9999.0000 -9999.0000 -9999.0000 -2.1366374 -2.2863063 -2.4167832 -2.5314718 -2.6096604 -2.6000456 -2.5790995 -2.5724637 -2.5779987 -2.5798822 -2.5686368 -2.5600889 -2.5627679 -2.5749331 -2.5824728 -2.5773892 -2.5429123 -2.5309933 -2.5103842 -2.4786020 -2.4391118 -2.4103564 -2.3949004 -2.3820512 -2.3418897 -2.3579423 -2.3545655 -2.3370692 -2.2643516 -2.1449491 -2.0266712 -1.9818507 -1.9883059 -1.9495021 -1.9104507 -1.8893992 -1.8721321 -1.8340987 -1.8190272 -1.8081264 -1.7870942
-9999.0000 -9999.0000 -9999.0000 -9999.0000 -9999.0000 -9999.0000 -9999.0000 -9999.0000 -9999.0000 -9999.0000 -9999.0000 -9999.0000 -9999.0000 -9999.0000 -9999.0000 -9999.0000 -1.9586209 -2.1208083 -2.2686062 -2.4007917 -2.4762904 -2.5063841 -2.4762540 -2.4822745 -2.4957884 -2.4985463 -2.4970856 -2.4883912 -2.4793506 -2.4888874 -2.5132856 -2.5231187 -2.5040853 -2.4772926 -2.4298012 -2.3989164 -2.3705946 -2.3501837 -2.3371479 -2.3234313 -2.3097928 -2.3038120 -2.2957142 -2.2703262 -2.2120180 -2.0575018 -1.9259866 -1.8476775 -1.8663291 -1.8463968 -1.8102977 -1.8119545 -1.7748251 -1.7267417 -1.6549398 -1.5986569 -1.5488493
-9999.0000 -9999.0000 -9999.0000 -9999.0000 -9999.0000 -9999.0000 -9999.0000 -9999.0000 -9999.0000 -9999.0000 -9999.0000 -9999.0000 -9999.0000 -9999.0000 -9999.0000 -9999.0000 -1.6921967 -1.8588639 -2.0594734 -2.2447111 -2.3134110 -2.3851091 -2.4036795 -2.3967390 -2.4358166 -2.4467188 -2.4543256 -2.4491375 -2.4292899 -2.3745688 -2.3670145 -2.3925633 -2.4358799 -2.3992335 -2.3733451 -2.3420197 -2.2978663 -2.2813531 -2.2892429 -2.2766175 -2.2737125 -2.2670166 -2.2469472 -2.2198228 -2.1440203 -2.0144576 -1.8446110 -1.7465683 -1.7479287 -1.7549756 -1.7404289 -1.7028006 -1.6562191 -1.5677162 -1.4821468 -1.4320867 -1.3416384
-9999.0000 -9999.0000 -9999.0000 -9999.0000 -9999.0000 -9999.0000 -9999.0000 -9999.0000 -9999.0000 -9999.0000 -9999.0000 -9999.0000 -9999.0000 -9999.0000 -9999.0000 -9999.0000 -1.4893879 -1.7208214 -1.9926142 -2.1398938 -2.2207698 -2.2819610 -2.2991849 -2.3053925 -2.3258649 -2.3339696 -2.3404165 -2.3449257 -2.3404873 -2.3083889 -2.2470875 -2.2535368 -2.3174662 -2.3437493 -2.2872272 -2.2401662 -2.1929005 -2.1874063 -2.2134397 -2.2114355 -2.2119947 -2.2032800 -2.1856658 -2.1577184 -2.1057708 -1.9942310 -1.8346518 -1.7293507 -1.7203097 -1.7025072 -1.6707682 -1.6178356 -1.5526384 -1.4694326 -1.3984879 -1.3082854 -1.1870947
-9999.0000 -9999.0000 -9999.0000 -9999.0000 -9999.0000 -9999.0000 -9999.0000 -9999.0000 -9999.0000 -9999.0000 -9999.0000 -9999.0000 -9999.0000 -9999.0000 -9999.0000 -9999.0000 -1.7002143 -1.7613559 -1.9802211 -2.0565468 -2.1015410 -2.1638380 -2.2063008 -2.1941445 -2.1945920 -2.1901205 -2.1909209 -2.1711651 -2.2109185 -2.2289222 -2.1955015 -2.1754971 -2.1832390 -2.2297963 -2.1776161 -2.1187162 -2.1002587 -2.1069632 -2.1326496 -2.1367371 -2.1588301 -2.1470976 -2.1151337 -2.0912684 -2.0459602 -1.9652447 -1.8440614 -1.7392352 -1.7270204 -1.7010592 -1.6536441 -1.5982699 -1.5288719 -1.4505742 -1.3673068 -1.2020154 -9999.0000
-9999.0000 -9999.0000 -9999.0000 -9999.0000 -9999.0000 -9999.0000 -9999.0000 -9999.0000 -9999.0000 -9999.0000 -9999.0000 -9999.0000 -9999.0000 -9999.0000 -9999.0000 -9999.0000 -1.8125139 -1.7295293 -1.8369831 -1.8799090 -1.9475857 -2.0234349 -2.0728788 -2.0771772 -2.0603456 -2.0356201 -2.0564003 -2.0429613 -2.0593481 -2.1062929 -2.1150190 -2.1037720 -2.0864965 -2.0903163 -2.0799351 -2.0441067 -2.0328039 -2.0320570 -2.0558655 -2.0653111 -2.0788353 -2.0698257 -2.0576339 -2.0443844 -2.0083938 -1.9548944 -1.8230791 -1.7251289 -1.7230053 -1.6932384 -1.6471574 -1.5801278 -1.5333332 -1.4452878 -1.3039394 -1.1431284 -9999.0000
-9999.0000 -9999.0000 -9999.0000 -9999.0000 -9999.0000 -9999.0000 -9999.0000 -9999.0000 -9999.0000 -9999.0000 -9999.0000 -9999.0000 -9999.0000 -9999.0000 -9999.0000 -9999.0000 -1.6776248 -1.5973664 -1.6408979 -1.7091368 -1.7554537 -1.8004212 -1.8764296 -1.9426796 -1.9221692 -1.8884342 -1.8911107 -1.9084507 -1.9281494 -1.9424650 -1.9687398 -1.9853846 -1.9760163 -1.9656463 -1.9729282 -1.9668842 -1.9616808 -1.9638613 -1.9678634 -1.9880411 -2.0055629 -2.0160562 -2.0099477 -1.9985718 -1.9724388 -1.9064284 -1.8160814 -1.7245269 -1.7032508 -1.6692215 -1.5928275 -1.5239128 -1.4545651 -1.3772730 -1.2404865 -1.1376280 -9999.0000
-9999.0000 -9999.0000 -9999.0000 -9999.0000 -9999.0000 -9999.0000 -9999.0000 -9999.0000 -9999.0000 -9999.0000 -9999.0000 -9999.0000 -9999.0000 -9999.0000 -9999.0000 -9999.0000 -1.4748550 -1.3802551 -1.3922080 -1.4564496 -1.4936310 -1.5445714 -1.6455804 -1.7170928 -1.7756716 -1.7731632 -1.7448855 -1.7539337 -1.7911896 -1.8063515 -1.8113884 -1.8358963 -1.8454704 -1.8344087 -1.8431749 -1.8522674 -1.8587028 -1.8654227 -1.8895176 -1.9109248 -1.9433105 -1.9625655 -1.9638634 -1.9664994 -1.9545117 -1.8983606 -1.8008010 -1.7171818 -1.6761139 -1.6118424 -1.5103602 -1.4129759 -1.3136429 -1.2510841 -1.2122071 -1.2055333 -1.2244273
-9999.0000 -9999.0000 -9999.0000 -9999.0000 -9999.0000 -9999.0000 -9999.0000 -9999.0000 -9999.0000 -9999.0000 -9999.0000 -9999.0000 -9999.0000 -9999.0000 -9999.0000 -9999.0000 -1.2137444 -1.1438024 -1.1477700 -1.1947105 -1.2521253 -1.3458246 -1.4203833 -1.5223283 -1.6158676 -1.6505274 -1.5532791 -1.4801165 -1.5308490 -1.5780305 -1.5785910 -1.6292038 -1.6655998 -1.6780539 -1.6874216 -1.7086531 -1.7177680 -1.7462390 -1.8099773 -1.8771851 -1.8878033 -1.8988621 -1.8991030 -1.8900568 -1.8885451 -1.8595538 -1.7867736 -1.6928654 -1.6480023 -1.5474897 -1.4254345 -1.3062004 -1.2353630 -1.2134097 -1.2481114 -1.2888931 -1.3038724
-9999.0000 -9999.0000 -9999.0000 -9999.0000 -9999.0000 -9999.0000 -9999.0000 -9999.0000 -9999.0000 -9999.0000 -9999.0000 -9999.0000 -9999.0000 -9999.0000 -9999.0000 -9999.0000 -0.96932003 -0.93057101 -0.97125749 -1.0296007 -1.0692727 -1.1513003 -1.2570976 -1.3479274 -1.4082677 -1.4053452 -1.3706910 -9999.0000 -1.3946823 -9999.0000 -9999.0000 -1.2671408 -1.3712539 -1.4453756 -1.4292108 -1.3935593 -1.4895650 -1.6349018 -1.7201225 -1.7771097 -1.8222474 -1.8437811 -1.8150233 -1.7964165 -1.7972306 -1.7999530 -1.7574006 -1.6669554 -1.5754594 -1.5014928 -1.3813863 -1.2803270 -1.2277802 -1.2351903 -1.2859982 -1.3414855 -1.3722826
-9999.0000 -9999.0000 -9999.0000 -9999.0000 -9999.0000 -9999.0000 -9999.0000 -9999.0000 -9999.0000 -9999.0000 -9999.0000 -9999.0000 -9999.0000 -9999.0000 -9999.0000 -9999.0000 -9999.0000 -0.73840649 -0.75773413 -0.88557753 -0.90649298 -0.94198809 -1.0157567 -1.1017380 -1.1233094 -1.1801565 -9999.0000 -9999.0000 -9999.0000 -9999.0000 -9999.0000 -9999.0000 -1.1393062 -1.0682655 -1.1227698 -1.2506156 -1.3697590 -1.4829787 -1.5656836 -1.6695532 -1.7620660 -1.8034794 -1.7925703 -1.7467117 -1.7171137 -1.7168228 -1.6905795 -1.5889514 -1.4833076 -1.3861810 -1.3094232 -1.2450486 -1.2316289 -1.2527843 -1.2973034 -1.3532632 -1.3863892
-9999.0000 -9999.0000 -9999.0000 -9999.0000 -9999.0000 -9999.0000 -9999.0000 -9999.0000 -9999.0000 -9999.0000 -9999.0000 -9999.0000 -9999.0000 -9999.0000 -9999.0000 -9999.0000 -9999.0000 -9999.0000 -0.65732568 -0.61152139 -0.67777610 -0.69454586 -0.72979564 -0.75914305 -0.84205814 -0.96299453 -1.1245229 -9999.0000 -9999.0000 -9999.0000 -9999.0000 -9999.0000 -9999.0000 -9999.0000 -0.95264929 -1.1138397 -1.2062508 -1.2688228 -1.3903055 -1.5208367 -1.6395910 -1.7103914 -1.7534690 -1.7275709 -1.6701544 -1.6366345 -1.5896748 -1.5123146 -1.4026139 -1.2855597 -1.1933474 -1.1660281 -1.1957605 -1.2356929 -1.3031072 -1.3567368 -1.3724259
