data/glamos/distributed_mass_balance_grids/tortin/2025_win_fix.grid
ncols        131
nrows        142
xllcorner    2589430.000000000000
yllcorner    1102910.000000000000
cellsize     10.000000000000
NODATA_value  -9999
[rows 75 to 99 of 142, columns 57 to 113 of 131]
0.89373525 0.90310328 0.91343747 0.92531630 0.94082166 0.95769238 0.97649990 0.99071171 1.0124758 1.0357232 1.0612656 1.0913756 1.1309267 1.1554030 1.1354481 -9999.0000 -9999.0000 -9999.0000 -9999.0000 -9999.0000 -9999.0000 -9999.0000 -9999.0000 -9999.0000 -9999.0000 -9999.0000 -9999.0000 -9999.0000 -9999.0000 -9999.0000 -9999.0000 -9999.0000 -9999.0000 -9999.0000 -9999.0000 -9999.0000 -9999.0000 -9999.0000 -9999.0000 -9999.0000 -9999.0000 -9999.0000 -9999.0000 -9999.0000 -9999.0000 -9999.0000 -9999.0000 -9999.0000 -9999.0000 -9999.0000 -9999.0000 -9999.0000 -9999.0000 -9999.0000 -9999.0000 -9999.0000 -9999.0000
0.88877254 0.89689245 0.91029969 0.92384853 0.93603158 0.94852712 0.96570147 0.98112915 0.99904727 1.0175099 1.0368400 1.0660943 1.1059488 1.1467477 1.1635283 1.1585164 -9999.0000 -9999.0000 -9999.0000 -9999.0000 -9999.0000 -9999.0000 -9999.0000 -9999.0000 -9999.0000 -9999.0000 -9999.0000 -9999.0000 -9999.0000 -9999.0000 -9999.0000 -9999.0000 -9999.0000 -9999.0000 -9999.0000 -9999.0000 -9999.0000 -9999.0000 -9999.0000 -9999.0000 -9999.0000 -9999.0000 -9999.0000 -9999.0000 -9999.0000 -9999.0000 -9999.0000 -9999.0000 -9999.0000 -9999.0000 -9999.0000 -9999.0000 -9999.0000 -9999.0000 -9999.0000 -9999.0000 -9999.0000
0.89459988 0.89100172 0.90368358 0.92208222 0.93832166 0.95017486 0.96350550 0.97952226 0.99754487 1.0134079 1.0291415 1.0529432 1.0824565 1.1176895 1.1596633 1.1914020 1.2177797 1.2166020 -9999.0000 -9999.0000 -9999.0000 -9999.0000 -9999.0000 -9999.0000 -9999.0000 -9999.0000 -9999.0000 -9999.0000 -9999.0000 -9999.0000 -9999.0000 -9999.0000 -9999.0000 -9999.0000 -9999.0000 -9999.0000 -9999.0000 -9999.0000 -9999.0000 -9999.0000 -9999.0000 -9999.0000 -9999.0000 -9999.0000 -9999.0000 -9999.0000 -9999.0000 -9999.0000 -9999.0000 -9999.0000 -9999.0000 -9999.0000 -9999.0000 -9999.0000 -9999.0000 -9999.0000 -9999.0000
0.91545387 0.89964545 0.89907051 0.91500470 0.93837303 0.95648780 0.97033286 0.98143170 0.99408368 1.0064750 1.0209838 1.0382485 1.0596999 1.0848777 1.1239294 1.1682123 1.2208584 1.2544341 -9999.0000 -9999.0000 -9999.0000 -9999.0000 -9999.0000 -9999.0000 -9999.0000 -9999.0000 -9999.0000 -9999.0000 -9999.0000 -9999.0000 -9999.0000 -9999.0000 -9999.0000 -9999.0000 -9999.0000 -9999.0000 -9999.0000 -9999.0000 -9999.0000 -9999.0000 -9999.0000 -9999.0000 -9999.0000 -9999.0000 -9999.0000 -9999.0000 -9999.0000 -9999.0000 -9999.0000 -9999.0000 -9999.0000 -9999.0000 -9999.0000 -9999.0000 -9999.0000 -9999.0000 -9999.0000
0.93570182 0.91769758 0.90578150 0.91038145 0.93487096 0.96026713 0.97838226 0.98892765 0.99745420 1.0034982 1.0082338 1.0172217 1.0357184 1.0590627 1.0921793 1.1313400 1.1822400 1.2281121 1.2437213 -9999.0000 -9999.0000 -9999.0000 -9999.0000 -9999.0000 -9999.0000 -9999.0000 -9999.0000 -9999.0000 -9999.0000 -9999.0000 -9999.0000 -9999.0000 -9999.0000 -9999.0000 -9999.0000 -9999.0000 -9999.0000 -9999.0000 -9999.0000 -9999.0000 -9999.0000 -9999.0000 -9999.0000 -9999.0000 -9999.0000 -9999.0000 -9999.0000 -9999.0000 -9999.0000 -9999.0000 -9999.0000 -9999.0000 -9999.0000 -9999.0000 -9999.0000 -9999.0000 -9999.0000
0.95510844 0.94178359 0.92656195 0.91681425 0.92921142 0.95592237 0.98076570 0.99435690 0.99974362 1.0028485 1.0045057 1.0082215 1.0183782 1.0357285 1.0681732 1.1021715 1.1409883 1.1679601 1.2130526 1.2465014 -9999.0000 -9999.0000 -9999.0000 -9999.0000 -9999.0000 -9999.0000 -9999.0000 -9999.0000 -9999.0000 -9999.0000 -9999.0000 -9999.0000 -9999.0000 -9999.0000 -9999.0000 -9999.0000 -9999.0000 -9999.0000 -9999.0000 -9999.0000 -9999.0000 -9999.0000 -9999.0000 -9999.0000 -9999.0000 -9999.0000 -9999.0000 -9999.0000 -9999.0000 -9999.0000 -9999.0000 -9999.0000 -9999.0000 -9999.0000 -9999.0000 -9999.0000 -9999.0000
0.96732407 0.96137793 0.94726900 0.93146109 0.92948834 0.95122770 0.97869372 0.99871022 1.0074621 1.0089444 1.0091550 1.0093772 1.0155856 1.0282203 1.0504957 1.0766670 1.1076523 1.1441453 1.2006099 1.2437165 -9999.0000 -9999.0000 -9999.0000 -9999.0000 -9999.0000 -9999.0000 -9999.0000 -9999.0000 -9999.0000 -9999.0000 -9999.0000 -9999.0000 -9999.0000 -9999.0000 -9999.0000 -9999.0000 -9999.0000 -9999.0000 -9999.0000 -9999.0000 -9999.0000 -9999.0000 -9999.0000 -9999.0000 -9999.0000 -9999.0000 -9999.0000 -9999.0000 -9999.0000 -9999.0000 -9999.0000 -9999.0000 -9999.0000 -9999.0000 -9999.0000 -9999.0000 -9999.0000
0.97673900 0.97822441 0.97014929 0.95198748 0.93872161 0.94922828 0.97650728 1.0011847 1.0173530 1.0215385 1.0222976 1.0223927 1.0260431 1.0340102 1.0492939 1.0675998 1.0906355 1.1315939 1.1876454 1.2294226 1.2480337 1.2154657 1.2156435 1.2304317 -9999.0000 -9999.0000 -9999.0000 -9999.0000 -9999.0000 -9999.0000 -9999.0000 -9999.0000 -9999.0000 -9999.0000 -9999.0000 -9999.0000 -9999.0000 -9999.0000 -9999.0000 -9999.0000 -9999.0000 -9999.0000 -9999.0000 -9999.0000 -9999.0000 -9999.0000 -9999.0000 -9999.0000 -9999.0000 -9999.0000 -9999.0000 -9999.0000 -9999.0000 -9999.0000 -9999.0000 -9999.0000 -9999.0000
0.98721539 0.99153874 0.99115877 0.97850395 0.96107740 0.95350108 0.97481528 1.0031400 1.0266639 1.0367071 1.0421058 1.0472541 1.0531797 1.0589284 1.0663320 1.0756385 1.0919135 1.1263575 1.1751915 1.2187831 1.2469172 1.2463326 1.2386064 1.2140880 1.2222482 -9999.0000 -9999.0000 -9999.0000 -9999.0000 -9999.0000 -9999.0000 -9999.0000 -9999.0000 -9999.0000 -9999.0000 -9999.0000 -9999.0000 -9999.0000 -9999.0000 -9999.0000 -9999.0000 -9999.0000 -9999.0000 -9999.0000 -9999.0000 -9999.0000 -9999.0000 -9999.0000 -9999.0000 -9999.0000 -9999.0000 -9999.0000 -9999.0000 -9999.0000 -9999.0000 -9999.0000 -9999.0000
1.0015922 1.0049675 1.0098717 1.0035537 0.98745292 0.96926211 0.97611295 1.0033269 1.0322107 1.0532787 1.0666100 1.0772775 1.0904240 1.1017485 1.1067928 1.1085032 1.1140076 1.1270200 1.1546806 1.1953239 1.2367026 1.2617559 1.2576742 1.2355844 1.2316566 1.2587667 -9999.0000 -9999.0000 -9999.0000 -9999.0000 -9999.0000 -9999.0000 -9999.0000 -9999.0000 -9999.0000 -9999.0000 -9999.0000 -9999.0000 -9999.0000 0.87979117 -9999.0000 -9999.0000 -9999.0000 -9999.0000 -9999.0000 -9999.0000 -9999.0000 -9999.0000 -9999.0000 -9999.0000 -9999.0000 -9999.0000 -9999.0000 -9999.0000 -9999.0000 -9999.0000 -9999.0000
1.0159522 1.0199153 1.0271963 1.0269321 1.0160966 0.99519733 0.98763638 1.0055665 1.0374845 1.0692763 1.0937269 1.1088150 1.1266139 1.1438751 1.1528800 1.1527076 1.1474842 1.1398990 1.1442575 1.1674105 1.2075402 1.2514284 1.2618116 1.2560891 1.2540513 1.2717304 1.2984801 1.2859504 -9999.0000 -9999.0000 -9999.0000 -9999.0000 -9999.0000 1.4799169 1.5424273 1.6001450 1.6721535 1.7216503 1.7790633 1.8118834 1.4018751 0.76941276 0.70843201 0.84459507 -9999.0000 -9999.0000 -9999.0000 -9999.0000 -9999.0000 -9999.0000 -9999.0000 -9999.0000 -9999.0000 -9999.0000 -9999.0000 -9999.0000 -9999.0000
1.0347210 1.0395203 1.0470179 1.0476814 1.0403042 1.0233314 1.0101858 1.0170088 1.0446453 1.0811848 1.1160939 1.1394334 1.1557592 1.1703575 1.1802540 1.1830216 1.1779109 1.1615491 1.1467138 1.1470492 1.1716010 1.2148839 1.2331299 1.2414822 1.2529187 1.2808396 1.3210608 1.3177563 1.3008686 1.2708449 1.2865034 1.3242718 1.3755573 1.4395878 1.4993735 1.5486402 1.6104045 1.6405851 1.6395570 1.6519417 1.7071426 1.7761519 1.8612740 1.9465281 1.3610004 -9999.0000 -9999.0000 -9999.0000 -9999.0000 -9999.0000 -9999.0000 -9999.0000 -9999.0000 -9999.0000 -9999.0000 -9999.0000 -9999.0000
1.0596193 1.0626313 1.0671530 1.0661456 1.0624705 1.0540869 1.0454078 1.0405525 1.0557917 1.0884032 1.1295029 1.1637769 1.1812766 1.1884385 1.1911734 1.1930945 1.1911731 1.1731786 1.1529001 1.1394759 1.1480728 1.1750282 1.1925826 1.2152628 1.2374085 1.2646525 1.2939312 1.3042017 1.3154892 1.3156924 1.3183232 1.3258868 1.3347563 1.3702838 1.4075326 1.4594588 1.5227619 1.5582330 1.5679711 1.5436297 1.5712050 1.6904234 1.8113099 1.8552375 -9999.0000 -9999.0000 -9999.0000 -9999.0000 -9999.0000 -9999.0000 -9999.0000 -9999.0000 -9999.0000 -9999.0000 -9999.0000 -9999.0000 -9999.0000
1.0889542 1.0962588 1.0940533 1.0844217 1.0822586 1.0797409 1.0751663 1.0685866 1.0729964 1.0937110 1.1299202 1.1684029 1.1885175 1.1892867 1.1847814 1.1827100 1.1817458 1.1689472 1.1542179 1.1363815 1.1385540 1.1522968 1.1648049 1.1889513 1.2163711 1.2421950 1.2572775 1.2702400 1.2871032 1.2955381 1.2996691 1.2993469 1.3008478 1.3123234 1.3243001 1.3648043 1.4343960 1.4920905 1.5189450 1.5092356 1.5309607 1.6202710 1.7157053 1.7602388 -9999.0000 -9999.0000 -9999.0000 -9999.0000 -9999.0000 -9999.0000 -9999.0000 -9999.0000 -9999.0000 -9999.0000 -9999.0000 -9999.0000 -9999.0000
1.1273207 1.1471884 1.1294581 1.0966318 1.0871927 1.0924357 1.0946740 1.0922926 1.0911172 1.1000721 1.1239242 1.1530864 1.1734283 1.1719740 1.1644958 1.1583008 1.1574336 1.1499827 1.1445305 1.1266563 1.1365938 1.1409513 1.1521267 1.1716452 1.1940643 1.2137432 1.2278667 1.2431979 1.2550709 1.2638709 1.2663071 1.2654088 1.2711991 1.2755609 1.2796491 1.3031371 1.3589620 1.4073130 1.4283160 1.4480571 1.5028810 1.5861109 1.6755723 1.7601455 1.6120678 -9999.0000 -9999.0000 -9999.0000 -9999.0000 -9999.0000 -9999.0000 -9999.0000 -9999.0000 -9999.0000 -9999.0000 -9999.0000 -9999.0000
1.1368290 1.1725530 1.1534688 1.1077400 1.0812824 1.0882937 1.1004926 1.1042088 1.1049197 1.1078442 1.1202560 1.1336667 1.1466289 1.1466636 1.1393560 1.1339641 1.1319170 1.1319592 1.1283858 1.1193238 1.1310810 1.1294063 1.1442230 1.1607995 1.1775213 1.1916625 1.2078221 1.2252838 1.2369762 1.2383263 1.2349661 1.2356223 1.2486238 1.2486589 1.2506315 1.2636773 1.2920654 1.3264575 1.3527627 1.3869606 1.4413012 1.5367129 1.6619625 1.7581866 1.8264926 -9999.0000 -9999.0000 -9999.0000 -9999.0000 -9999.0000 -9999.0000 -9999.0000 -9999.0000 -9999.0000 -9999.0000 -9999.0000 -9999.0000
1.1061556 1.0105267 1.1104982 1.1016044 1.0818764 1.0888073 1.1016669 1.1095874 1.1147888 1.1138389 1.1192753 1.1214291 1.1248704 1.1249822 1.1197430 1.1176608 1.1162760 1.1249310 1.1149381 1.1186424 1.1213159 1.1193083 1.1334331 1.1480258 1.1656407 1.1815166 1.2012210 1.2198062 1.2323408 1.2300870 1.2242741 1.2208761 1.2295394 1.2323481 1.2367195 1.2425406 1.2547651 1.2772483 1.3081375 1.3521335 1.4084689 1.4868525 1.6127162 1.7231245 1.8136735 -9999.0000 -9999.0000 -9999.0000 -9999.0000 -9999.0000 -9999.0000 -9999.0000 -9999.0000 -9999.0000 -9999.0000 -9999.0000 -9999.0000
-9999.0000 -9999.0000 -9999.0000 -9999.0000 1.1106611 1.1078763 1.1096229 1.1181899 1.1237131 1.1197520 1.1200585 1.1217229 1.1195713 1.1159201 1.1123995 1.1118322 1.1146073 1.1155393 1.1072206 1.1222133 1.1210213 1.1194876 1.1263814 1.1394757 1.1585516 1.1830602 1.2038945 1.2185327 1.2272876 1.2270333 1.2264443 1.2237715 1.2253948 1.2273251 1.2308338 1.2276105 1.2293593 1.2477429 1.2820173 1.3332996 1.3789540 1.4329087 1.5395218 1.6733876 1.7761031 -9999.0000 -9999.0000 -9999.0000 -9999.0000 -9999.0000 -9999.0000 -9999.0000 -9999.0000 -9999.0000 -9999.0000 -9999.0000 -9999.0000
-9999.0000 -9999.0000 -9999.0000 -9999.0000 -9999.0000 1.1203789 1.1109372 1.1167450 1.1263525 1.1283587 1.1249856 1.1251250 1.1210221 1.1132084 1.1156598 1.1164245 1.1163699 1.1055344 1.1112833 1.1266870 1.1283841 1.1275443 1.1325188 1.1455279 1.1658216 1.1891153 1.2058833 1.2200030 1.2259568 1.2266459 1.2306183 1.2331280 1.2370645 1.2391972 1.2417888 1.2324253 1.2234526 1.2351097 1.2637544 1.3121406 1.3484757 1.3742321 1.4586831 1.6110359 1.7518850 1.1436753 -9999.0000 -9999.0000 -9999.0000 -9999.0000 -9999.0000 -9999.0000 -9999.0000 -9999.0000 -9999.0000 -9999.0000 -9999.0000
-9999.0000 -9999.0000 -9999.0000 -9999.0000 -9999.0000 1.0957795 1.0871997 1.1040211 1.1246410 1.1377934 1.1347043 1.1287217 1.1229401 1.1152692 1.1179251 1.1204113 1.1145515 1.1056455 1.1226181 1.1418283 1.1515703 1.1504680 1.1513579 1.1591425 1.1758587 1.1885483 1.2061784 1.2247843 1.2320822 1.2363492 1.2424112 1.2488787 1.2604261 1.2643395 1.2646779 1.2542667 1.2460251 1.2438292 1.2586703 1.2891703 1.3176111 1.3348621 1.3993355 1.5426840 1.6890413 1.3481221 -9999.0000 -9999.0000 -9999.0000 -9999.0000 -9999.0000 -9999.0000 -9999.0000 -9999.0000 -9999.0000 -9999.0000 -9999.0000
-9999.0000 -9999.0000 -9999.0000 1.0223043 1.0292266 1.0397109 1.0485801 1.0749818 1.1102285 1.1397633 1.1478210 1.1349685 1.1229322 1.1168924 1.1172891 1.1153597 1.1112905 1.1253348 1.1553048 1.1798257 1.1883315 1.1853342 1.1769142 1.1746369 1.1811408 1.1916340 1.2148357 1.2345835 1.2440227 1.2562430 1.2683020 1.2766589 1.2850248 1.2883870 1.2928462 1.2940724 1.2940271 1.2843188 1.2930377 1.2992325 1.3054904 1.3112388 1.3605372 1.4772425 1.6133098 1.7220565 -9999.0000 -9999.0000 -9999.0000 -9999.0000 -9999.0000 -9999.0000 -9999.0000 -9999.0000 -9999.0000 -9999.0000 -9999.0000
1.0818915 1.0863371 1.0672055 1.0366302 1.0088861 1.0143367 1.0313390 1.0519930 1.0851734 1.1201919 1.1396588 1.1342951 1.1220732 1.1170566 1.1039161 1.0937021 1.1109951 1.1572906 1.2075655 1.2441295 1.2533054 1.2396206 1.2155785 1.1963657 1.1922665 1.2016234 1.2241974 1.2463283 1.2670442 1.2895334 1.3098515 1.3237085 1.3247732 1.3206064 1.3171792 1.3209081 1.3323351 1.3435548 1.3640763 1.3461429 1.3282398 1.3261704 1.3690814 1.4514329 1.5665791 1.6816290 1.4252750 -9999.0000 -9999.0000 -9999.0000 -9999.0000 -9999.0000 -9999.0000 -9999.0000 -9999.0000 -9999.0000 -9999.0000
1.0794678 1.0916049 1.0792437 1.0546987 1.0264271 1.0205298 1.0326988 1.0464360 1.0672193 1.0975962 1.1247111 1.1357961 1.1286909 1.1135544 1.0916952 1.0829438 1.1145396 1.1800846 1.2498693 1.2962320 1.3103920 1.2972271 1.2722207 1.2462231 1.2274073 1.2222225 1.2301072 1.2532051 1.2948101 1.3265103 1.3456760 1.3662071 1.3728741 1.3663851 1.3518877 1.3563887 1.3830645 1.4096791 1.4195433 1.3894146 1.3690118 1.3895949 1.4338520 1.4754416 1.5411472 1.6232451 1.7421793 -9999.0000 -9999.0000 -9999.0000 -9999.0000 -9999.0000 -9999.0000 -9999.0000 -9999.0000 -9999.0000 -9999.0000
1.0719042 1.0830119 1.0805357 1.0742712 1.0617382 1.0457468 1.0484621 1.0577642 1.0683092 1.0790994 1.0996339 1.1208727 1.1246555 1.1075602 1.0937844 1.0924284 1.1211608 1.1859731 1.2577910 1.3083976 1.3361620 1.3400895 1.3285980 1.3083374 1.2832983 1.2579192 1.2438515 1.2637821 1.3146479 1.3489594 1.3640708 1.3818381 1.3974067 1.4021071 1.4029638 1.4190121 1.4456741 1.4620669 1.4488479 1.4249641 1.4325280 1.4880695 1.5281338 1.5221581 1.5154249 1.5395792 1.6507923 1.7746066 1.8668840 -9999.0000 -9999.0000 -9999.0000 -9999.0000 -9999.0000 -9999.0000 -9999.0000 -9999.0000
1.0720051 1.0757015 1.0862386 1.0919311 1.0823350 1.0663208 1.0711128 1.0799543 1.0868871 1.0866949 1.0912209 1.1019203 1.1130570 1.1109492 1.1168610 1.1250954 1.1387453 1.1817402 1.2413197 1.2942723 1.3352264 1.3602919 1.3652608 1.3560660 1.3360113 1.3096165 1.2963608 1.3124297 1.3446301 1.3629616 1.3638433 1.3662895 1.3902018 1.4192598 1.4451315 1.4619434 1.4723876 1.4803514 1.4837357 1.4909383 1.5348554 1.6013976 -9999.0000 -9999.0000 -9999.0000 -9999.0000 1.5589227 1.7320874 1.8750196 -9999.0000 -9999.0000 -9999.0000 -9999.0000 -9999.0000 -9999.0000 -9999.0000 -9999.0000
