data/glamos/distributed_mass_balance_grids/tortin/2025_ann_fix.grid
ncols        131
nrows        142
xllcorner    2589430.000000000000
yllcorner    1102910.000000000000
cellsize     10.000000000000
NODATA_value  -9999
[rows 50 to 74 of 142, columns 0 to 56 of 131]
-9999.0000 -9999.0000 -9999.0000 -9999.0000 -9999.0000 -9999.0000 -9999.0000 -9999.0000 -9999.0000 -9999.0000 -9999.0000 -9999.0000 -9999.0000 -9999.0000 -9999.0000 -9999.0000 -9999.0000 -9999.0000 -9999.0000 -9999.0000 -9999.0000 -3.1406723 -3.1985765 -3.1967226 -9999.0000 -9999.0000 -9999.0000 -9999.0000 -9999.0000 -3.0054486 -2.9996202 -2.9717225 -2.9521902 -2.9436475 -2.9166031 -2.8576388 -2.8266470 -2.7713020 -2.7250891 -2.6799841 -2.6181025 -2.6157769 -2.6198908 -2.6202225 -2.6203996 -2.6500663 -2.6050263 -2.5806076 -2.5740682 -2.5655098 -2.5487768 -2.4788753 -2.4346739 -2.4093222 -2.3661124 -2.2935051 -2.2266502
-9999.0000 -9999.0000 -9999.0000 -9999.0000 -9999.0000 -9999.0000 -9999.0000 -9999.0000 -9999.0000 -9999.0000 -9999.0000 -9999.0000 -9999.0000 -9999.0000 -9999.0000 -9999.0000 -9999.0000 -9999.0000 -9999.0000 -9999.0000 -9999.0000 -9999.0000 -3.1262871 -3.1976000 -3.1996985 -3.1227797 -3.0601035 -3.0220420 -2.9860732 -2.9712936 -2.9621439 -2.9450819 -2.9151890 -2.8909081 -2.8459462 -2.8083400 -2.7464353 -2.7216980 -2.6866762 -2.6169290 -2.5759135 -2.5727301 -2.5834351 -2.5896646 -2.5879053 -2.5865736 -2.5921458 -2.5845985 -2.5704238 -2.5607938 -2.5404179 -2.5021797 -2.4264815 -2.3634490 -2.3406676 -2.3019988 -2.2153485
-9999.0000 -9999.0000 -9999.0000 -9999.0000 -9999.0000 -9999.0000 -9999.0000 -9999.0000 -9999.0000 -9999.0000 -9999.0000 -9999.0000 -9999.0000 -9999.0000 -9999.0000 -9999.0000 -9999.0000 -9999.0000 -9999.0000 -9999.0000 -9999.0000 -9999.0000 -3.0450827 -3.1184462 -3.1738496 -3.1188584 -3.0913101 -3.0409111 -2.9976815 -2.9599501 -2.9307969 -2.8868901 -2.8601878 -2.8199214 -2.7561695 -2.7307550 -2.7063737 -2.6794344 -2.6205885 -2.5741721 -2.5305288 -2.5481698 -2.5525182 -2.5572007 -2.5607477 -2.5598197 -2.5709265 -2.5758503 -2.5569648 -2.5398623 -2.5297916 -2.5067208 -2.4384593 -2.3626293 -2.3117453 -2.2752579 -2.2189769
-9999.0000 -9999.0000 -9999.0000 -9999.0000 -9999.0000 -9999.0000 -9999.0000 -9999.0000 -9999.0000 -9999.0000 -9999.0000 -9999.0000 -9999.0000 -9999.0000 -9999.0000 -9999.0000 -9999.0000 -9999.0000 -9999.0000 -9999.0000 -9999.0000 -9999.0000 -3.0030474 -3.0311123 -3.0730688 -3.0709825 -3.0471613 -3.0350078 -3.0098106 -2.9755276 -2.9343295 -2.8717158 -2.8372029 -2.7670607 -2.7415156 -2.7155689 -2.6840778 -2.6134161 -2.5860144 -2.5578084 -2.5207151 -2.5180461 -2.5370485 -2.5264528 -2.5252195 -2.5295997 -2.5305868 -2.5298198 -2.5173956 -2.4796310 -2.4675507 -2.4881254 -2.4350510 -2.3473788 -2.2564270 -2.2248635 -2.2132203
-9999.0000 -9999.0000 -9999.0000 -9999.0000 -9999.0000 -9999.0000 -9999.0000 -9999.0000 -9999.0000 -9999.0000 -9999.0000 -9999.0000 -9999.0000 -9999.0000 -9999.0000 -9999.0000 -9999.0000 -9999.0000 -9999.0000 -9999.0000 -9999.0000 -9999.0000 -9999.0000 -2.9723922 -2.9810649 -3.0031943 -3.0048942 -3.0082564 -3.0023897 -2.9764630 -2.9330744 -2.8568291 -2.8070117 -2.7455552 -2.7175487 -2.6880623 -2.6256301 -2.5814854 -2.5505630 -2.5457248 -2.5367098 -2.5005834 -2.5165789 -2.5038519 -2.5045876 -2.4856076 -2.4767158 -2.4725228 -2.4691359 -2.4530716 -2.4468267 -2.4331145 -2.4079231 -2.3144892 -2.2367312 -2.1865103 -2.1767434
-9999.0000 -9999.0000 -9999.0000 -9999.0000 -9999.0000 -9999.0000 -9999.0000 -9999.0000 -9999.0000 -9999.0000 -9999.0000 -9999.0000 -9999.0000 -9999.0000 -9999.0000 -9999.0000 -9999.0000 -9999.0000 -9999.0000 -9999.0000 -9999.0000 -9999.0000 -9999.0000 -2.9818535 -2.9662405 -2.9629260 -2.9737393 -2.9699985 -2.9658728 -2.9489875 -2.9193344 -2.8523857 -2.8032675 -2.7287718 -2.6829728 -2.6201421 -2.5919854 -2.5577924 -2.5288558 -2.5218537 -2.5238042 -2.5106796 -2.4987499 -2.4599817 -2.4609671 -2.4679374 -2.4678035 -2.4614298 -2.4537264 -2.4475436 -2.4451493 -2.4308942 -2.3768133 -2.2983445 -2.2043850 -2.1048208 -2.0505528
-9999.0000 -9999.0000 -9999.0000 -9999.0000 -9999.0000 -9999.0000 -9999.0000 -9999.0000 -9999.0000 -9999.0000 -9999.0000 -9999.0000 -9999.0000 -9999.0000 -9999.0000 -9999.0000 -9999.0000 -9999.0000 -9999.0000 -9999.0000 -9999.0000 -9999.0000 -9999.0000 -3.0142529 -2.9705700 -2.9584810 -2.9389010 -2.9243088 -2.9141902 -2.8973039 -2.8797754 -2.8536716 -2.8150697 -2.7372998 -2.6733974 -2.5950981 -2.5698627 -2.5498689 -2.5093307 -2.5364749 -2.5763731 -2.5636139 -2.5131409 -2.4978486 -2.4719716 -2.4818266 -2.4870001 -2.4900331 -2.4899980 -2.4701468 -2.4437391 -2.4163648 -2.3799811 -2.2762519 -2.1730875 -2.0604178 -1.9269473
-9999.0000 -9999.0000 -9999.0000 -9999.0000 -9999.0000 -9999.0000 -9999.0000 -9999.0000 -9999.0000 -9999.0000 -9999.0000 -9999.0000 -9999.0000 -9999.0000 -9999.0000 -9999.0000 -9999.0000 -9999.0000 -9999.0000 -9999.0000 -9999.0000 -9999.0000 -9999.0000 -3.0245050 -2.9700088 -2.9469863 -2.9350131 -2.9146369 -2.8840128 -2.8675966 -2.8558249 -2.8455149 -2.8175477 -2.7459501 -2.6896806 -2.6045874 -2.5575523 -2.5397395 -2.5446451 -2.5548021 -2.5916650 -2.5902405 -2.5779357 -2.5427192 -2.5356769 -2.5162004 -2.5252672 -2.5213578 -2.5166095 -2.4972509 -2.4510166 -2.4142179 -2.3542414 -2.2816117 -2.1176627 -1.9690817 -1.8672212
-9999.0000 -9999.0000 -9999.0000 -9999.0000 -9999.0000 -9999.0000 -9999.0000 -9999.0000 -9999.0000 -9999.0000 -9999.0000 -9999.0000 -9999.0000 -9999.0000 -9999.0000 -9999.0000 -9999.0000 -9999.0000 -9999.0000 -9999.0000 -9999.0000 -9999.0000 -9999.0000 -3.0682658 -3.0034281 -2.9617304 -2.9440536 -2.9187381 -2.8887947 -2.8618910 -2.8470880 -2.8377711 -2.7987067 -2.7760128 -2.7387125 -2.6853305 -2.5923961 -2.5434410 -2.5407626 -2.5582045 -2.6164009 -2.6665454 -2.6563955 -2.6592549 -2.6158750 -2.5717186 -2.5624866 -2.5569091 -2.5470776 -2.5256056 -2.4938019 -2.4426682 -2.3545552 -2.2894137 -2.1122914 -1.9276247 -1.8212701
-9999.0000 -9999.0000 -9999.0000 -9999.0000 -9999.0000 -9999.0000 -9999.0000 -9999.0000 -9999.0000 -9999.0000 -9999.0000 -9999.0000 -9999.0000 -9999.0000 -9999.0000 -9999.0000 -9999.0000 -9999.0000 -9999.0000 -9999.0000 -3.0148041 -3.0596286 -3.1034711 -3.0896045 -3.0351048 -2.9854974 -2.9693641 -2.9479566 -2.9271826 -2.8951545 -2.8278441 -2.7972172 -2.7925767 -2.7943466 -2.7736332 -2.7323640 -2.6492269 -2.5877493 -2.5706158 -2.6278472 -2.7028416 -2.7573920 -2.7670896 -2.7434556 -2.6755420 -2.6166208 -2.6077815 -2.6027702 -2.5887549 -2.5709971 -2.5390338 -2.4898709 -2.3958486 -2.3233503 -2.1659126 -1.9631255 -1.7405104
-9999.0000 -9999.0000 -9999.0000 -9999.0000 -9999.0000 -9999.0000 -9999.0000 -9999.0000 -9999.0000 -9999.0000 -9999.0000 -9999.0000 -9999.0000 -9999.0000 -9999.0000 -9999.0000 -9999.0000 -9999.0000 -9999.0000 -2.9414212 -3.0048087 -3.0222086 -3.0502205 -3.0470665 -3.0383262 -3.0080395 -2.9670917 -2.9469489 -2.9311268 -2.9134000 -2.8524475 -2.8125116 -2.7932648 -2.7934859 -2.7923926 -2.7716534 -2.7059389 -2.6620839 -2.6392907 -2.6816111 -2.7497468 -2.8056327 -2.8142703 -2.8291091 -2.7850840 -2.7173651 -2.6653485 -2.6454589 -2.6142021 -2.5861390 -2.5673246 -2.5299984 -2.4809838 -2.3923683 -2.2225915 -1.9365310 -1.7457615
-9999.0000 -9999.0000 -9999.0000 -9999.0000 -9999.0000 -9999.0000 -9999.0000 -9999.0000 -9999.0000 -9999.0000 -9999.0000 -9999.0000 -9999.0000 -9999.0000 -9999.0000 -9999.0000 -9999.0000 -9999.0000 -9999.0000 -2.9069033 -2.9786047 -2.9959232 -2.9921541 -2.9945015 -3.0209064 -3.0115857 -2.9689940 -2.9420381 -2.9234517 -2.9211920 -2.9104769 -2.8602594 -2.8244075 -2.8050449 -2.8035126 -2.8067398 -2.8020085 -2.7792460 -2.7190832 -2.7266400 -2.7328779 -2.7947010 -2.8358643 -2.8732074 -2.8465374 -2.7868570 -2.7446421 -2.6731468 -2.6399897 -2.6106678 -2.5908207 -2.5678141 -2.5130497 -2.4250236 -2.3084275 -2.0305351 -1.7623748
-9999.0000 -9999.0000 -9999.0000 -9999.0000 -9999.0000 -9999.0000 -9999.0000 -9999.0000 -9999.0000 -9999.0000 -9999.0000 -9999.0000 -9999.0000 -9999.0000 -9999.0000 -9999.0000 -9999.0000 -9999.0000 -2.7647066 -2.8119374 -2.8978289 -2.9623363 -2.9775974 -2.9843856 -2.9885264 -3.0045240 -2.9690946 -2.9460582 -2.9375890 -2.9374590 -2.9353425 -2.9367227 -2.8927659 -2.8620964 -2.8453466 -2.8460634 -2.8568472 -2.8571766 -2.8394234 -2.8093192 -2.7471550 -2.7740675 -2.7948090 -2.8249716 -2.8383570 -2.8330786 -2.7756068 -2.6881304 -2.6491483 -2.6268888 -2.6096418 -2.5794531 -2.5228277 -2.4742677 -2.3857738 -2.1275992 -1.8259583
-9999.0000 -9999.0000 -9999.0000 -9999.0000 -9999.0000 -9999.0000 -9999.0000 -9999.0000 -9999.0000 -9999.0000 -9999.0000 -9999.0000 -9999.0000 -9999.0000 -9999.0000 -9999.0000 -9999.0000 -9999.0000 -9999.0000 -2.7816180 -2.8659017 -2.9096665 -2.9628959 -2.9681651 -2.9650359 -2.9599263 -2.9572613 -2.9549880 -2.9549678 -2.9532850 -2.9535778 -2.9601865 -2.9593978 -2.9142790 -2.8957576 -2.8918283 -2.8935842 -2.9041317 -2.9160265 -2.9113040 -2.8877721 -2.8395670 -2.8260852 -2.8032252 -2.7911739 -2.7876013 -2.7679929 -2.6987306 -2.6594457 -2.6332685 -2.6068345 -2.5867518 -2.5396904 -2.5180794 -2.4682161 -2.2447527 -1.9288574
-9999.0000 -9999.0000 -9999.0000 -9999.0000 -9999.0000 -9999.0000 -9999.0000 -9999.0000 -9999.0000 -9999.0000 -9999.0000 -9999.0000 -9999.0000 -9999.0000 -9999.0000 -9999.0000 -9999.0000 -9999.0000 -9999.0000 -9999.0000 -2.8016361 -2.8785267 -2.9395781 -2.9462310 -2.9502939 -2.9564240 -2.9609129 -2.9601500 -2.9548914 -2.9578112 -2.9659601 -2.9627967 -2.9548367 -2.9245942 -2.9099622 -2.9089364 -2.9144706 -2.9212922 -2.9399274 -2.9597094 -2.9629013 -2.9520383 -2.9306276 -2.8542099 -2.7959136 -2.7665018 -2.7596513 -2.7182310 -2.6913105 -2.6560893 -2.6185626 -2.5922506 -2.5482103 -2.5307647 -2.5058284 -2.3938833 -2.1188904
-9999.0000 -9999.0000 -9999.0000 -9999.0000 -9999.0000 -9999.0000 -9999.0000 -9999.0000 -9999.0000 -9999.0000 -9999.0000 -9999.0000 -9999.0000 -9999.0000 -9999.0000 -9999.0000 -9999.0000 -9999.0000 -9999.0000 -9999.0000 -2.7755557 -2.8143061 -2.8869458 -2.9055132 -2.9380968 -2.9466066 -2.9568070 -2.9604964 -2.9639859 -2.9733273 -2.9789603 -2.9749673 -2.9662665 -2.9351856 -2.9181087 -2.9102577 -2.9191879 -2.9211044 -2.9194164 -2.9312510 -2.9472555 -2.9447388 -2.9260894 -2.8633860 -2.8058676 -2.7260991 -2.7070484 -2.7192774 -2.7127099 -2.6840389 -2.6500708 -2.6151310 -2.5840192 -2.5322470 -2.5198672 -2.4949489 -2.3401288
-9999.0000 -9999.0000 -9999.0000 -9999.0000 -9999.0000 -9999.0000 -9999.0000 -9999.0000 -9999.0000 -9999.0000 -9999.0000 -9999.0000 -9999.0000 -9999.0000 -9999.0000 -9999.0000 -9999.0000 -9999.0000 -9999.0000 -9999.0000 -9999.0000 -2.7947481 -2.8562486 -2.8764985 -2.8971812 -2.9115511 -2.9601697 -2.9804441 -2.9911783 -3.0031210 -3.0042655 -2.9951331 -2.9795490 -2.9422018 -2.9236212 -2.9156855 -2.9179205 -2.9189557 -2.9117249 -2.9020065 -2.8677078 -2.8702559 -2.8702313 -2.8579452 -2.8227317 -2.7726438 -2.6986407 -2.6775989 -2.6825937 -2.6857938 -2.6667799 -2.6396965 -2.6079645 -2.5757591 -2.5369450 -2.5644310 -2.4897508
-9999.0000 -9999.0000 -9999.0000 -9999.0000 -9999.0000 -9999.0000 -9999.0000 -9999.0000 -9999.0000 -9999.0000 -9999.0000 -9999.0000 -9999.0000 -9999.0000 -9999.0000 -9999.0000 -9999.0000 -9999.0000 -9999.0000 -9999.0000 -9999.0000 -9999.0000 -2.8518471 -2.8956755 -2.9055289 -2.9248620 -2.9450149 -2.9973179 -3.0147938 -3.0218412 -3.0207291 -3.0104385 -2.9928157 -2.9450078 -2.9226201 -2.9115263 -2.9133258 -2.9147028 -2.9029307 -2.8827006 -2.8316287 -2.8133787 -2.8086792 -2.8204736 -2.8261468 -2.8105595 -2.7699200 -2.6948312 -2.6597341 -2.6526810 -2.6599580 -2.6486268 -2.6207080 -2.5659583 -2.5430369 -2.5404245 -2.5346924
-9999.0000 -9999.0000 -9999.0000 -9999.0000 -9999.0000 -9999.0000 -9999.0000 -9999.0000 -9999.0000 -9999.0000 -9999.0000 -9999.0000 -9999.0000 -9999.0000 -9999.0000 -9999.0000 -9999.0000 -9999.0000 -9999.0000 -9999.0000 -9999.0000 -9999.0000 -2.8683266 -2.9124318 -2.8918989 -2.9064759 -2.9432141 -3.0013895 -3.0276576 -3.0264110 -3.0212523 -3.0087311 -2.9646124 -2.9439373 -2.9228992 -2.9032566 -2.8918602 -2.8822705 -2.8696206 -2.8223506 -2.8042469 -2.7815357 -2.7574544 -2.7543178 -2.7778311 -2.7979895 -2.7874928 -2.7303179 -2.6876179 -2.6535918 -2.6522130 -2.6531726 -2.6407990 -2.5890814 -2.5641138 -2.5457818 -2.5438868
-9999.0000 -9999.0000 -9999.0000 -9999.0000 -9999.0000 -9999.0000 -9999.0000 -9999.0000 -9999.0000 -9999.0000 -9999.0000 -9999.0000 -9999.0000 -9999.0000 -9999.0000 -9999.0000 -9999.0000 -9999.0000 -9999.0000 -9999.0000 -9999.0000 -9999.0000 -9999.0000 -2.8747986 -2.9354737 -2.9449006 -2.9648660 -3.0074012 -3.0264269 -3.0328006 -3.0273659 -3.0122496 -2.9634533 -2.9381007 -2.9204671 -2.8908583 -2.8356265 -2.8203860 -2.8148627 -2.8049993 -2.7929354 -2.7786019 -2.7572596 -2.7361024 -2.7355964 -2.7268511 -2.7488270 -2.7512493 -2.7288860 -2.6939188 -2.6637053 -2.6486010 -2.6429467 -2.6264031 -2.5851755 -2.5634361 -2.5420253
-9999.0000 -9999.0000 -9999.0000 -9999.0000 -9999.0000 -9999.0000 -9999.0000 -9999.0000 -9999.0000 -9999.0000 -9999.0000 -9999.0000 -9999.0000 -9999.0000 -9999.0000 -9999.0000 -9999.0000 -9999.0000 -9999.0000 -9999.0000 -9999.0000 -9999.0000 -9999.0000 -9999.0000 -2.9905330 -2.9945520 -3.0051463 -3.0075953 -3.0213735 -3.0285662 -3.0325765 -3.0256407 -2.9806446 -2.9556474 -2.9210765 -2.8903519 -2.8331276 -2.8136136 -2.8100898 -2.8054575 -2.7998581 -2.7924246 -2.7746132 -2.7500273 -2.7080788 -2.6996636 -2.7128891 -2.7384962 -2.7539129 -2.7378159 -2.6984610 -2.6615943 -2.6354584 -2.6156014 -2.5825897 -2.5716561 -2.5451803
-9999.0000 -9999.0000 -9999.0000 -9999.0000 -9999.0000 -9999.0000 -9999.0000 -9999.0000 -9999.0000 -9999.0000 -9999.0000 -9999.0000 -9999.0000 -9999.0000 -9999.0000 -9999.0000 -9999.0000 -9999.0000 -9999.0000 -9999.0000 -9999.0000 -9999.0000 -9999.0000 -9999.0000 -2.9188281 -2.9646244 -3.0066877 -3.0126367 -2.9947359 -2.9938615 -3.0227598 -3.0182081 -2.9796895 -2.9607705 -2.9317551 -2.8980201 -2.8379633 -2.8158119 -2.8037112 -2.8002591 -2.7947889 -2.7905702 -2.7819482 -2.7626126 -2.7156251 -2.7032802 -2.6883781 -2.6888013 -2.7166299 -2.7330382 -2.7174081 -2.6865628 -2.6504153 -2.5905235 -2.5622291 -2.5485976 -2.5371795
-9999.0000 -9999.0000 -9999.0000 -9999.0000 -9999.0000 -9999.0000 -9999.0000 -9999.0000 -9999.0000 -9999.0000 -9999.0000 -9999.0000 -9999.0000 -9999.0000 -9999.0000 -9999.0000 -9999.0000 -9999.0000 -9999.0000 -9999.0000 -9999.0000 -9999.0000 -9999.0000 -9999.0000 -9999.0000 -2.9839144 -3.0156279 -3.0254894 -3.0267928 -3.0270874 -3.0525679 -3.0458086 -3.0052627 -2.9847866 -2.9642766 -2.9383759 -2.9070590 -2.8545948 -2.8457099 -2.8406233 -2.8359612 -2.8336852 -2.8417886 -2.8328333 -2.8076463 -2.7610450 -2.7368157 -2.7106674 -2.6964483 -2.7029369 -2.7136616 -2.7090969 -2.6831227 -2.6466292 -2.5788554 -2.5360799 -2.5057392
-9999.0000 -9999.0000 -9999.0000 -9999.0000 -9999.0000 -9999.0000 -9999.0000 -9999.0000 -9999.0000 -9999.0000 -9999.0000 -9999.0000 -9999.0000 -9999.0000 -9999.0000 -9999.0000 -9999.0000 -9999.0000 -9999.0000 -9999.0000 -9999.0000 -9999.0000 -9999.0000 -9999.0000 -9999.0000 -3.0258077 -3.0468253 -3.0898663 -3.0898221 -3.0906083 -3.0906719 -3.0908394 -3.0860056 -3.0423116 -3.0223682 -3.0065866 -2.9885554 -2.9690705 -2.9433879 -2.8857509 -2.8601399 -2.8474272 -2.8550877 -2.8699623 -2.8834687 -2.8700014 -2.8186708 -2.7917463 -2.7740643 -2.7619961 -2.7484865 -2.7444115 -2.7326178 -2.6992483 -2.6195679 -2.5621177 -2.4985192
-9999.0000 -9999.0000 -9999.0000 -9999.0000 -9999.0000 -9999.0000 -9999.0000 -9999.0000 -9999.0000 -9999.0000 -9999.0000 -9999.0000 -9999.0000 -9999.0000 -9999.0000 -9999.0000 -9999.0000 -9999.0000 -9999.0000 -9999.0000 -9999.0000 -9999.0000 -9999.0000 -9999.0000 -9999.0000 -9999.0000 -3.0267637 -3.0320698 -3.0575004 -3.0273093 -3.0248779 -3.0227948 -3.0174078 -3.0077898 -2.9982078 -2.9792059 -2.9633806 -2.9551766 -2.9262787 -2.8530118 -2.8122498 -2.7883228 -2.7829530 -2.8033608 -2.8400493 -2.8657859 -2.8418441 -2.8232846 -2.8031599 -2.7552353 -2.7310393 -2.7114382 -2.6955545 -2.6802052 -2.6427067 -2.5883679 -2.5363270
