data/glamos/distributed_mass_balance_grids/tortin/2025_ann_fix.grid
ncols        131
nrows        142
xllcorner    2589430.000000000000
yllcorner    1102910.000000000000
cellsize     10.000000000000
NODATA_value  -9999
[rows 100 to 124 of 142, columns 57 to 113 of 131]
-1.4505865 -1.4926494 -1.4763046 -1.4609699 -1.4983982 -1.5392064 -1.5684691 -1.6169679 -1.6381435 -1.6391982 -1.6198722 -1.6055001 -1.5567466 -1.4911200 -1.4239908 -1.3629865 -1.3216662 -1.1537245 -0.89080105 -0.66858055 -0.58490872 -0.54074875 -0.51660295 -0.50349928 -0.52129082 -0.52233849 -0.44983151 -0.35640666 -0.32509494 -0.35562314 -0.39922772 -0.42681293 -0.40618083 -0.38071064 -0.35906178 -0.36481287 -0.35837434 -0.30635349 -0.18052625 -0.051343782 0.070229063 -9999.0000 -9999.0000 -9999.0000 -9999.0000 -9999.0000 -9999.0000 0.18411182 0.32816756 0.19232912 -9999.0000 -9999.0000 -9999.0000 -9999.0000 -9999.0000 -9999.0000 -9999.0000
-1.4604851 -1.4441465 -1.3605802 -1.3651861 -1.4635015 -1.5432810 -1.5807621 -1.6221046 -1.6589647 -1.6723655 -1.6539739 -1.5806685 -1.5112091 -1.4357196 -1.3767386 -1.3162918 -1.2734794 -1.1923610 -0.98150458 -0.70607213 -0.52711956 -0.42556513 -0.34748891 -0.29081542 -0.23230167 -0.16616091 -0.11585818 -0.10955101 -0.15100122 -0.24066167 -0.31525128 -0.38054864 -0.42321149 -0.43977458 -0.42621937 -0.39654348 -0.34298590 -0.18527185 -0.020997875 -0.041057049 -9999.0000 -9999.0000 -9999.0000 -9999.0000 -9999.0000 -9999.0000 -9999.0000 -9999.0000 0.27392002 0.33389145 0.26671536 -9999.0000 -9999.0000 -9999.0000 -9999.0000 -9999.0000 -9999.0000
-1.4077258 -1.3642010 -1.3408871 -1.4145194 -1.5149912 -1.5712581 -1.6081790 -1.6689632 -1.6947662 -1.6469557 -1.5863095 -1.4997877 -1.4328981 -1.3818411 -1.3243477 -1.2721014 -1.2160974 -1.1891539 -1.1123024 -0.87223375 -0.59601228 -0.42894089 -0.30268700 -0.17875672 -0.085244496 -0.020653072 -0.020923783 -0.068244316 -0.13194932 -0.21491985 -0.30321327 -0.41421644 -0.49365134 -0.50136183 -0.46875699 -0.40144546 -0.31935101 -0.10640881 -0.25688244 -9999.0000 -9999.0000 -9999.0000 -9999.0000 -9999.0000 -9999.0000 -9999.0000 -9999.0000 -9999.0000 0.22920541 0.28098225 0.37026599 0.39519659 0.37163721 -9999.0000 0.40294215 -9999.0000 -9999.0000
-1.3062939 -1.3023910 -1.3845716 -1.4618322 -1.5135753 -1.5620303 -1.6202772 -1.6523027 -1.6337509 -1.5341145 -1.4407579 -1.4015204 -1.3699159 -1.3160025 -1.2544362 -1.2127645 -1.1936929 -1.1758973 -1.1487879 -1.0391034 -0.79101531 -0.53650376 -0.35671670 -0.20544870 -0.10067708 -0.060420631 -0.086133351 -0.14977374 -0.23097750 -0.27818639 -0.33078212 -0.44103505 -0.51749679 -0.50339638 -0.42775146 -0.32677154 -0.20209506 -0.68848412 -1.3902235 -9999.0000 -9999.0000 -9999.0000 -9999.0000 -9999.0000 -9999.0000 0.22774479 0.26599018 0.25534916 0.25757304 0.27708546 0.36286825 0.44146206 0.45430876 0.46687664 0.52208985 0.62675334 0.73650191
-1.2328955 -1.3084741 -1.3738668 -1.4165763 -1.4544441 -1.4886174 -1.4984548 -1.5018847 -1.4409601 -1.3410479 -1.2805929 -1.2981938 -1.2897192 -1.2514340 -1.1854192 -1.1508992 -1.1404708 -1.1385808 -1.1302858 -1.1058380 -0.96749914 -0.69907098 -0.48668195 -0.33550365 -0.24049375 -0.20977243 -0.24749994 -0.31452417 -0.38179553 -0.44431503 -0.47979773 -0.53878374 -0.59512207 -0.56811802 -0.36753286 -0.16097806 -9999.0000 -9999.0000 -9999.0000 -9999.0000 -9999.0000 -9999.0000 -9999.0000 -9999.0000 -9999.0000 -9999.0000 -9999.0000 -9999.0000 -9999.0000 0.25399028 0.36272757 0.43727425 0.45954715 0.49875431 0.55428553 0.66951172 0.79892348
-1.2166861 -1.3009630 -1.3537751 -1.3799450 -1.3973944 -1.4089826 -1.3586081 -1.2858462 -1.1786941 -1.1219512 -1.1231979 -1.1617302 -1.1829784 -1.1705476 -1.1394339 -1.0874752 -1.0787327 -1.0965822 -1.1244300 -1.1059247 -1.0234346 -0.84752514 -0.63438253 -0.48220999 -0.40939638 -0.39269368 -0.42156000 -0.46707004 -0.54235876 -0.65028279 -0.71047181 -0.73267084 -0.69005825 -0.62136717 -0.41104298 -0.13498819 -0.040817657 -9999.0000 -9999.0000 -9999.0000 -9999.0000 -9999.0000 -9999.0000 -9999.0000 -9999.0000 -9999.0000 -9999.0000 -9999.0000 -9999.0000 -9999.0000 0.31660868 0.43837749 0.48380600 0.52287007 0.59707360 0.70783039 0.79522862
-1.2191469 -1.2876884 -1.3110025 -1.3066357 -1.3139305 -1.3087063 -1.2254273 -1.0673384 -0.93860983 -0.91727319 -0.95769864 -0.99086322 -1.0417625 -1.0793747 -1.0840471 -1.0746967 -1.0611822 -1.0737356 -1.0960903 -1.0846298 -1.0372580 -0.94224811 -0.77831149 -0.61949586 -0.55037341 -0.52648960 -0.53321620 -0.57654698 -0.66704055 -0.74341244 -0.69806620 -0.61722795 -0.48804491 -0.39946917 -0.30832738 -0.12565393 -0.033927984 -0.89422503 -9999.0000 -9999.0000 -9999.0000 -9999.0000 -9999.0000 -9999.0000 -9999.0000 -9999.0000 -9999.0000 -9999.0000 -9999.0000 -9999.0000 -9999.0000 0.36261061 0.46978730 0.54357035 0.62255901 0.69850095 0.76815796
-1.1854529 -1.2500136 -1.2379723 -1.1991018 -1.1677749 -1.1249028 -1.0174507 -0.88790358 -0.80551978 -0.77529148 -0.81044393 -0.86361453 -0.92067320 -0.96337045 -1.0175164 -1.0519683 -1.0277309 -1.0335583 -1.1070809 -1.1182613 -1.0622554 -0.97693715 -0.88784167 -0.75564264 -0.66806129 -0.62442545 -0.61479765 -0.61950131 -0.60640350 -0.48643830 -0.29554248 -0.11490283 -0.043450915 -0.036065273 -0.045674994 -0.0078428023 0.046609898 -0.53883051 -9999.0000 -9999.0000 -9999.0000 -9999.0000 -9999.0000 -9999.0000 -9999.0000 -9999.0000 -9999.0000 -0.42025007 -9999.0000 -9999.0000 -9999.0000 0.20338097 0.37065910 0.069544403 -0.40389183 -0.37348134 0.12687102
-1.0917401 -1.1609111 -1.1540981 -1.0831357 -1.0145270 -0.95956616 -0.86305658 -0.79040728 -0.74411797 -0.72737201 -0.74011386 -0.77525925 -0.79079803 -0.84117768 -0.90342625 -0.94115355 -0.96225124 -0.97491000 -1.0714832 -1.1099589 -1.0438817 -0.94117318 -0.89611898 -0.83508440 -0.74608094 -0.68263441 -0.63303191 -0.55973281 -0.38719192 -0.18051635 -0.035252528 0.057407774 0.10173985 0.10776343 0.099749843 0.11052649 0.13633039 0.067383863 -9999.0000 -9999.0000 -9999.0000 -9999.0000 -9999.0000 -9999.0000 -9999.0000 -9999.0000 -0.39118956 -0.28126793 -0.20000207 -0.15299907 -0.073856243 -9999.0000 0.016172462 -0.79706867 -9999.0000 -9999.0000 -9999.0000
-1.0013308 -1.0699098 -1.0726812 -1.0054546 -0.91887049 -0.82200793 -0.75647274 -0.74871519 -0.72560075 -0.69019258 -0.70612933 -0.71184360 -0.72991368 -0.74393987 -0.77155621 -0.83410654 -0.87378629 -0.87715425 -0.90242281 -0.91379206 -0.84934063 -0.83363958 -0.82854305 -0.82502572 -0.80181261 -0.69719560 -0.57683163 -0.43776065 -0.29638396 -0.16564529 -0.074254582 0.015020035 0.085667773 0.12871292 0.14468625 0.16161707 0.17378108 0.13479592 0.021710147 -9999.0000 -0.21706806 -0.18365440 -0.13858073 -0.16417407 -0.23235083 -9999.0000 -0.19659009 -0.12025236 -0.065154282 -0.045729172 -0.026917633 -9999.0000 -9999.0000 -9999.0000 -9999.0000 -9999.0000 -9999.0000
-0.90714739 -0.98124442 -0.99844137 -0.95194517 -0.86010671 -0.74899452 -0.69985977 -0.70490894 -0.71843445 -0.68812840 -0.68112664 -0.67131483 -0.69309759 -0.71370538 -0.71732421 -0.73598744 -0.76071082 -0.75547647 -0.67676563 -0.58926260 -0.57165884 -0.67728330 -0.74009425 -0.76015078 -0.77514013 -0.75277333 -0.63060840 -0.46932873 -0.31269161 -0.20840707 -0.12910321 -0.048940858 0.021056108 0.065147226 0.091203313 0.12907982 0.17109233 0.18471061 0.16348456 0.073044663 0.012026423 0.015686790 0.036722365 0.017001614 -0.036937506 -0.080925604 -0.079114981 -0.036327967 0.014848653 0.037760016 0.028547745 -0.00050108228 -0.040862767 -0.10015512 -9999.0000 -9999.0000 -9999.0000
-0.82751545 -0.87725045 -0.92116101 -0.88704882 -0.80345058 -0.69827121 -0.65253273 -0.66233009 -0.68908442 -0.72712316 -0.71776935 -0.70122478 -0.70368988 -0.70212803 -0.69003436 -0.64764092 -0.63370954 -0.58558569 -0.43330947 -0.32509309 -0.32401106 -0.48206898 -0.62853857 -0.67660761 -0.71036417 -0.76843569 -0.78149165 -0.72177579 -0.57281651 -0.41501757 -0.29384229 -0.21773627 -0.16111195 -0.096740409 -0.036652164 0.023432443 0.085696613 0.13587266 0.16788450 0.13141192 0.089531583 0.042052869 0.0088562507 0.011840565 0.012017839 -0.0057632653 -0.013939483 0.014063434 0.046482223 0.075327673 0.084069063 0.087251273 0.14610285 0.23738698 -0.14472511 -9999.0000 -9999.0000
-0.73563869 -0.77809462 -0.79918487 -0.75860794 -0.68433375 -0.57899962 -0.56433812 -0.60989273 -0.68136671 -0.73590801 -0.72990869 -0.70872872 -0.70046854 -0.68028702 -0.64283101 -0.58828681 -0.52407760 -0.42554556 -0.27480838 -0.16815141 -0.17099596 -0.30257824 -0.46267891 -0.57571246 -0.62031172 -0.69151231 -0.81131947 -0.89759316 -0.89947877 -0.86566835 -0.78597700 -0.73280788 -0.66795451 -0.56624204 -0.46747827 -0.37003064 -0.27614166 -0.15750937 -0.073229245 -0.038634598 -0.060078644 -0.15309502 -0.22696143 -0.12921902 -0.014838373 0.040855537 0.027906833 0.024090421 0.051293977 0.070135423 0.095020713 0.12344457 0.19865213 0.32718519 -9999.0000 -9999.0000 -9999.0000
-0.62121587 -0.63329849 -0.60606768 -0.56565583 -0.49741452 -0.40201765 -0.40084030 -0.46530862 -0.54800094 -0.61042977 -0.63539681 -0.63605069 -0.61361631 -0.58265494 -0.53632551 -0.47794961 -0.38778154 -0.26317819 -0.15349346 -0.11890321 -0.12900764 -0.19841498 -0.31943132 -0.44034837 -0.53208921 -0.62237624 -0.72315437 -0.81948820 -0.89015779 -0.90464569 -0.90229995 -0.90322320 -0.89206530 -0.84399879 -0.78084655 -0.71642655 -0.67305692 -0.61875775 -0.53255414 -0.44869564 -0.41583196 -0.41771186 -0.34957245 -0.18435133 -0.040865841 0.041526934 0.047189254 -9999.0000 -9999.0000 -9999.0000 -9999.0000 -9999.0000 -9999.0000 -9999.0000 -9999.0000 -9999.0000 -9999.0000
-0.41378293 -0.44498306 -0.39388660 -0.29264099 -0.22367020 -0.19649788 -0.17350932 -0.18767077 -0.23428228 -0.27103489 -0.34261426 -0.42871770 -0.45436273 -0.44367176 -0.41736364 -0.34069877 -0.21960023 -0.13052460 -0.10844674 -0.11794392 -0.14061340 -0.17751205 -0.25574758 -0.34875524 -0.46675744 -0.56592713 -0.62427287 -0.64767820 -0.62482142 -0.58775317 -0.56192384 -0.55533904 -0.58191409 -0.58257279 -0.56689910 -0.56496871 -0.58216729 -0.56496685 -0.53907069 -0.48474504 -0.41653520 -0.33687707 -0.19381455 -0.11133773 -0.036833305 0.020216047 -9999.0000 -9999.0000 -9999.0000 -9999.0000 -9999.0000 -9999.0000 -9999.0000 -9999.0000 -9999.0000 -9999.0000 -9999.0000
-0.21218247 -0.25069280 -0.19958240 -0.088602601 -0.034574973 -0.043793568 -0.020664257 0.054934823 0.099763613 0.089236183 0.011349931 -0.12342321 -0.26361489 -0.31672084 -0.29006288 -0.23009968 -0.15247027 -0.10899492 -0.11987762 -0.16186250 -0.20162877 -0.24412145 -0.26887915 -0.32391635 -0.37289014 -0.38271668 -0.37121539 -0.33454455 -0.29225416 -0.23121964 -0.18570043 -0.17751656 -0.16979312 -0.14663299 -0.14107644 -0.14966378 -0.16524119 -0.19045166 -0.20920782 -0.18238764 -0.13562110 -0.096764123 -0.055029422 -0.035421497 0.0021383427 0.040369258 -9999.0000 -9999.0000 -9999.0000 -9999.0000 -9999.0000 -9999.0000 -9999.0000 -9999.0000 -9999.0000 -9999.0000 -9999.0000
0.0038622987 -0.037746859 -0.0093501213 0.061017850 0.12991983 0.13098607 0.0050712377 -0.29069173 -0.67226878 -0.74144925 -0.33000313 0.16022365 0.022053310 -0.10252302 -0.10694940 -0.10029754 -0.12657802 -0.12602709 -0.14877295 -0.21543299 -0.27421859 -0.30963866 -0.31076816 -0.29690116 -0.25479736 -0.16911969 -0.093708887 -0.064504759 -0.040327051 -0.0046578453 0.040299954 0.076006873 0.092355913 0.10000214 0.11108624 0.10140472 0.083140523 0.048229350 0.020338196 0.0040431147 0.0030790777 0.0088399617 0.029559344 0.047726042 0.071481003 0.10166007 0.096262623 -9999.0000 -9999.0000 -9999.0000 -9999.0000 -9999.0000 -9999.0000 -9999.0000 -9999.0000 -9999.0000 -9999.0000
0.31747249 0.21941848 0.17246720 0.046672424 -0.28862870 -0.33903546 -0.35237329 -9999.0000 -9999.0000 -9999.0000 -9999.0000 -0.18125173 0.43561716 0.22033901 0.096882593 0.059317131 0.018501466 -0.034590359 -0.10315479 -0.20595153 -0.28151764 -0.30400860 -0.29061425 -0.24706322 -0.18386521 -0.10498071 -0.022782471 0.016599377 0.054542570 0.12970129 0.22399593 0.27403954 0.28475872 0.25886594 0.24714619 0.25238098 0.24248202 0.20341598 0.16001994 0.12145681 0.091357683 0.079841733 0.092783173 0.11446549 0.13218467 0.14885916 0.14021554 0.13538558 -9999.0000 -9999.0000 -9999.0000 -9999.0000 -9999.0000 -9999.0000 -9999.0000 -9999.0000 -9999.0000
0.62868986 0.47479652 0.35302607 -9999.0000 -9999.0000 -9999.0000 -0.18070074 -9999.0000 -9999.0000 -9999.0000 -9999.0000 -9999.0000 -0.66169765 0.35908788 0.43410966 0.23731320 0.19414088 0.14871342 0.069889093 -0.029305921 -0.10875132 -0.16807263 -0.21992664 -0.20355420 -0.12470352 -0.035749799 0.051896588 0.12741103 0.22400509 0.34871351 0.43444331 0.46603528 0.45085306 0.42788833 0.39319183 0.36349388 0.35221816 0.32788839 0.29782857 0.26199491 0.22186215 0.18847223 0.18372870 0.19879639 0.22789141 0.22813436 0.20278286 0.19178690 0.19586099 0.22745719 0.27478840 -9999.0000 -9999.0000 -9999.0000 -9999.0000 -9999.0000 -9999.0000
-0.23468898 0.62125843 0.58635776 0.37179099 -9999.0000 -9999.0000 -9999.0000 -9999.0000 -9999.0000 -9999.0000 -9999.0000 -9999.0000 -9999.0000 -1.2140310 0.066364253 0.52670680 0.38016739 0.28530024 0.22478068 0.13209820 0.037305656 -0.043147130 -0.11491997 -0.12719589 -0.076611434 0.057715341 0.21162232 0.35077613 0.55719918 -0.18599860 -9999.0000 -9999.0000 -9999.0000 -0.12516940 0.47878124 0.47836039 0.42260123 0.41056981 0.41097206 0.38813116 0.34839921 0.31824582 0.29316944 0.29740417 0.31614904 0.29435115 0.26345254 0.23498733 0.22922133 0.23200965 0.26918546 0.32081023 -9999.0000 -9999.0000 -9999.0000 -9999.0000 -9999.0000
-0.99779494 -0.10634289 0.18717740 0.30049812 0.33092321 -9999.0000 -9999.0000 -9999.0000 -9999.0000 -9999.0000 -9999.0000 -9999.0000 -9999.0000 -9999.0000 -1.4344791 0.23166671 0.67910388 0.44516084 0.34604054 0.25558403 0.14985013 0.066390173 -0.010032350 -0.023781765 0.050976797 0.25355587 0.49289439 0.72157407 -9999.0000 -9999.0000 -9999.0000 -9999.0000 -9999.0000 -9999.0000 -0.83081025 0.24243835 0.61615946 0.54479373 0.52902064 0.51319846 0.47084744 0.42218405 0.39344083 0.39395941 0.38989015 0.35722910 0.33124299 0.30913766 0.28749930 0.25317430 0.25209395 0.31108956 0.37853901 0.41614483 -9999.0000 -9999.0000 -9999.0000
-9999.0000 -1.1461820 -9999.0000 -9999.0000 0.29374369 0.49058890 -9999.0000 -9999.0000 -9999.0000 -9999.0000 -9999.0000 -9999.0000 -9999.0000 -9999.0000 -9999.0000 -1.1813747 0.26774647 0.72366787 0.48149190 0.35046206 0.26266069 0.18491333 0.15370158 0.21412987 0.27499971 0.42342303 0.65304209 -0.084260967 -9999.0000 -9999.0000 -9999.0000 -9999.0000 -9999.0000 -9999.0000 -9999.0000 -9999.0000 0.42385557 0.76104047 0.67457589 0.62236171 0.57795307 0.51790422 0.49028206 0.50289928 0.47828950 0.42098668 0.39144862 0.37858560 0.36331129 0.32415665 0.30401939 0.33109273 0.37712338 0.43568748 0.48013358 -9999.0000 -9999.0000
-9999.0000 -9999.0000 -9999.0000 -9999.0000 -9999.0000 0.48622316 0.50724322 -9999.0000 -9999.0000 -9999.0000 -9999.0000 -9999.0000 -9999.0000 -9999.0000 -9999.0000 -9999.0000 -1.1299937 0.16160340 0.73479213 0.47848249 0.38602011 0.39290598 0.41033220 0.43542091 0.48879240 0.58764123 0.27563643 -1.0027589 -9999.0000 -9999.0000 -9999.0000 -9999.0000 -9999.0000 -9999.0000 -9999.0000 -9999.0000 -0.56422458 0.40817378 0.87257357 0.71734698 0.63763050 0.62915697 0.65657510 0.63355318 0.55572790 0.49547865 0.47574337 0.46396607 0.44831823 0.42660458 0.41117381 0.40997380 0.40978667 0.44496692 0.50945663 0.58575699 -9999.0000
-9999.0000 -9999.0000 -9999.0000 -9999.0000 -9999.0000 -9999.0000 -9999.0000 -9999.0000 -9999.0000 -9999.0000 -9999.0000 -9999.0000 -9999.0000 -9999.0000 -9999.0000 -9999.0000 -9999.0000 -9999.0000 0.11080238 0.74902763 0.61864844 0.54723667 0.52347939 0.59979014 0.63665458 0.0030833197 -0.73518025 -9999.0000 -9999.0000 -9999.0000 -9999.0000 -9999.0000 -9999.0000 -9999.0000 -9999.0000 -9999.0000 -9999.0000 -0.83657662 0.0048885507 0.65838992 0.84433548 0.81449162 0.78204610 0.69172217 0.60359977 0.55691026 0.53649277 0.52223652 0.51942929 0.51759066 0.51545277 0.50398921 0.49848868 0.50524865 0.54277993 0.61195868 0.71378019
-9999.0000 -9999.0000 -9999.0000 -9999.0000 -9999.0000 -9999.0000 -9999.0000 -9999.0000 -9999.0000 -9999.0000 -9999.0000 -9999.0000 -9999.0000 -9999.0000 -9999.0000 -9999.0000 -9999.0000 -9999.0000 -9999.0000 0.20432724 0.87811546 0.69509327 0.66333958 0.74548487 0.33493666 -9999.0000 -9999.0000 -9999.0000 -9999.0000 -9999.0000 -9999.0000 -9999.0000 -9999.0000 -9999.0000 -9999.0000 -9999.0000 -9999.0000 -9999.0000 -9999.0000 -0.30737941 0.26929574 0.69515235 0.83384287 0.70624252 0.62226518 0.58024528 0.56059869 0.55516168 0.56680479 0.56876593 0.57226221 0.57469931 0.58469131 0.60129577 0.60320998 0.62827275 0.69609527
