data/glamos/distributed_mass_balance_grids/tortin/2025_win_fix.grid
ncols        131
nrows        142
xllcorner    2589430.000000000000
yllcorner    1102910.000000000000
cellsize     10.000000000000
NODATA_value  -9999
[rows 50 to 74 of 142, columns 0 to 56 of 131]
-9999.0000 -9999.0000 -9999.0000 -9999.0000 -9999.0000 -9999.0000 -9999.0000 -9999.0000 -9999.0000 -9999.0000 -9999.0000 -9999.0000 -9999.0000 -9999.0000 -9999.0000 -9999.0000 -9999.0000 -9999.0000 -9999.0000 -9999.0000 -9999.0000 0.70060881 0.66886393 0.67999545 -9999.0000 -9999.0000 -9999.0000 -9999.0000 -9999.0000 0.75194348 0.75137716 0.75028074 0.74847045 0.74408861 0.74699767 0.75569366 0.76427642 0.77171289 0.78070944 0.79055550 0.79775238 0.79854718 0.79493619 0.78852376 0.78189847 0.77906924 0.78040326 0.78578558 0.78810042 0.78746475 0.78740133 0.80417893 0.81575742 0.82162148 0.83006878 0.86818533 0.90728175
-9999.0000 -9999.0000 -9999.0000 -9999.0000 -9999.0000 -9999.0000 -9999.0000 -9999.0000 -9999.0000 -9999.0000 -9999.0000 -9999.0000 -9999.0000 -9999.0000 -9999.0000 -9999.0000 -9999.0000 -9999.0000 -9999.0000 -9999.0000 -9999.0000 -9999.0000 0.70822215 0.66646323 0.67378720 0.72079626 0.74694032 0.75979908 0.76444423 0.76084770 0.75798937 0.75431705 0.75252116 0.75219407 0.75444753 0.76221896 0.77078517 0.77880947 0.78918584 0.80009342 0.80869375 0.80834007 0.80190155 0.79513218 0.78937822 0.78721576 0.78579217 0.78806035 0.79263706 0.79680502 0.79547513 0.80170847 0.81712442 0.82712393 0.83710551 0.86169969 0.90525489
-9999.0000 -9999.0000 -9999.0000 -9999.0000 -9999.0000 -9999.0000 -9999.0000 -9999.0000 -9999.0000 -9999.0000 -9999.0000 -9999.0000 -9999.0000 -9999.0000 -9999.0000 -9999.0000 -9999.0000 -9999.0000 -9999.0000 -9999.0000 -9999.0000 -9999.0000 0.77064642 0.71209713 0.68154439 0.71407974 0.74358818 0.75252670 0.75726444 0.75827053 0.75978887 0.75887939 0.75774224 0.76014913 0.76330937 0.76888856 0.77631482 0.78457008 0.79661092 0.80843544 0.81745886 0.81481879 0.80594915 0.80049836 0.79579617 0.79471123 0.79276590 0.79227783 0.79817180 0.80287604 0.80253888 0.80244072 0.81476134 0.83055606 0.84833217 0.86888076 0.90379731
-9999.0000 -9999.0000 -9999.0000 -9999.0000 -9999.0000 -9999.0000 -9999.0000 -9999.0000 -9999.0000 -9999.0000 -9999.0000 -9999.0000 -9999.0000 -9999.0000 -9999.0000 -9999.0000 -9999.0000 -9999.0000 -9999.0000 -9999.0000 -9999.0000 -9999.0000 0.78385490 0.76992387 0.73875952 0.73923999 0.74330707 0.74552925 0.74794437 0.75049730 0.75367901 0.75947552 0.76340979 0.76723172 0.76944773 0.77439446 0.78273511 0.79170123 0.80245173 0.81147226 0.81965227 0.81792433 0.80659634 0.80390041 0.80234155 0.80276869 0.80308370 0.80235943 0.80622686 0.81047736 0.81109641 0.80794600 0.81347067 0.82899544 0.85234643 0.87699433 0.90288911
-9999.0000 -9999.0000 -9999.0000 -9999.0000 -9999.0000 -9999.0000 -9999.0000 -9999.0000 -9999.0000 -9999.0000 -9999.0000 -9999.0000 -9999.0000 -9999.0000 -9999.0000 -9999.0000 -9999.0000 -9999.0000 -9999.0000 -9999.0000 -9999.0000 -9999.0000 -9999.0000 0.79042014 0.77757565 0.76318621 0.75197481 0.74659238 0.74525616 0.74702375 0.74982737 0.75610182 0.76405002 0.77226870 0.77681601 0.78105066 0.78958024 0.80045583 0.81158835 0.81375011 0.81233445 0.81349117 0.80500440 0.80414412 0.80535832 0.80817783 0.81102492 0.81198888 0.81425072 0.81737970 0.81643706 0.81386284 0.81461484 0.82749933 0.84504351 0.87080272 0.90325865
-9999.0000 -9999.0000 -9999.0000 -9999.0000 -9999.0000 -9999.0000 -9999.0000 -9999.0000 -9999.0000 -9999.0000 -9999.0000 -9999.0000 -9999.0000 -9999.0000 -9999.0000 -9999.0000 -9999.0000 -9999.0000 -9999.0000 -9999.0000 -9999.0000 -9999.0000 -9999.0000 0.78067221 0.78275121 0.77150404 0.76213807 0.75706008 0.75199046 0.74955784 0.75083668 0.75447842 0.76102841 0.77210486 0.78216448 0.79001915 0.79839835 0.81167990 0.81964145 0.81090497 0.79371472 0.79928443 0.80131377 0.80342267 0.80730560 0.81185575 0.81733235 0.82018543 0.82206384 0.82404321 0.82193114 0.81872919 0.81927609 0.82869061 0.84430073 0.87016334 0.90577255
-9999.0000 -9999.0000 -9999.0000 -9999.0000 -9999.0000 -9999.0000 -9999.0000 -9999.0000 -9999.0000 -9999.0000 -9999.0000 -9999.0000 -9999.0000 -9999.0000 -9999.0000 -9999.0000 -9999.0000 -9999.0000 -9999.0000 -9999.0000 -9999.0000 -9999.0000 -9999.0000 0.76658283 0.77502242 0.76804926 0.76865489 0.76627585 0.76040070 0.75564801 0.75429175 0.75654210 0.76009271 0.76981451 0.78069039 0.79351281 0.80479622 0.81845067 0.82374525 0.80344215 0.77024800 0.77018564 0.78833602 0.79790692 0.80888988 0.81626900 0.82350420 0.82617655 0.82684255 0.82863569 0.82931453 0.82567731 0.82279597 0.82991956 0.84878227 0.87715988 0.92643340
-9999.0000 -9999.0000 -9999.0000 -9999.0000 -9999.0000 -9999.0000 -9999.0000 -9999.0000 -9999.0000 -9999.0000 -9999.0000 -9999.0000 -9999.0000 -9999.0000 -9999.0000 -9999.0000 -9999.0000 -9999.0000 -9999.0000 -9999.0000 -9999.0000 -9999.0000 -9999.0000 0.74957430 0.77105545 0.76804630 0.76806939 0.77179983 0.76951799 0.76345460 0.75859823 0.76040626 0.76467286 0.77155000 0.77840432 0.78895958 0.80470902 0.82147488 0.82019275 0.79619101 0.75780761 0.74695916 0.76879233 0.78920139 0.80895911 0.81978607 0.82837904 0.83094831 0.83178450 0.83453766 0.83735568 0.83476621 0.82844622 0.83086999 0.85114510 0.88530230 0.94254388
-9999.0000 -9999.0000 -9999.0000 -9999.0000 -9999.0000 -9999.0000 -9999.0000 -9999.0000 -9999.0000 -9999.0000 -9999.0000 -9999.0000 -9999.0000 -9999.0000 -9999.0000 -9999.0000 -9999.0000 -9999.0000 -9999.0000 -9999.0000 -9999.0000 -9999.0000 -9999.0000 0.73063187 0.76172604 0.77000835 0.76551398 0.76510202 0.76913794 0.77203005 0.76681129 0.76512210 0.76758662 0.77167981 0.77591682 0.78370338 0.80028872 0.81877531 0.81049503 0.78320512 0.74293722 0.72572279 0.74637293 0.77972222 0.80891859 0.82615870 0.83730478 0.83869724 0.83773149 0.83840624 0.83968772 0.83815383 0.83314302 0.83329321 0.84827166 0.88410057 0.94330636
-9999.0000 -9999.0000 -9999.0000 -9999.0000 -9999.0000 -9999.0000 -9999.0000 -9999.0000 -9999.0000 -9999.0000 -9999.0000 -9999.0000 -9999.0000 -9999.0000 -9999.0000 -9999.0000 -9999.0000 -9999.0000 -9999.0000 -9999.0000 0.78854012 0.76518366 0.73378479 0.73031173 0.74999750 0.76849019 0.76521660 0.76120959 0.76065762 0.76920608 0.77579518 0.77579666 0.77235459 0.77201603 0.77672177 0.78623905 0.80004901 0.81269881 0.79508285 0.76430843 0.72918477 0.71745744 0.73467737 0.77125254 0.80947137 0.83625486 0.85060424 0.84933758 0.84473248 0.84189713 0.84102630 0.83972563 0.83732486 0.83635618 0.84435372 0.88356482 0.95031554
-9999.0000 -9999.0000 -9999.0000 -9999.0000 -9999.0000 -9999.0000 -9999.0000 -9999.0000 -9999.0000 -9999.0000 -9999.0000 -9999.0000 -9999.0000 -9999.0000 -9999.0000 -9999.0000 -9999.0000 -9999.0000 -9999.0000 0.80627643 0.78769456 0.77557631 0.75953293 0.75071160 0.74831444 0.76391431 0.76941140 0.76451670 0.75739200 0.76057201 0.77525080 0.78614993 0.78332814 0.77570737 0.77705174 0.78925984 0.80053531 0.80704271 0.79050071 0.75899783 0.72982752 0.72100146 0.73281503 0.75774167 0.79848376 0.83621108 0.85422963 0.85783333 0.85375682 0.84771487 0.84265116 0.84098110 0.84105442 0.83994187 0.84704924 0.88857522 0.95402841
-9999.0000 -9999.0000 -9999.0000 -9999.0000 -9999.0000 -9999.0000 -9999.0000 -9999.0000 -9999.0000 -9999.0000 -9999.0000 -9999.0000 -9999.0000 -9999.0000 -9999.0000 -9999.0000 -9999.0000 -9999.0000 -9999.0000 0.81544592 0.78958416 0.77907731 0.77667743 0.76952004 0.75848615 0.76128860 0.77001454 0.76986785 0.76086052 0.75794784 0.76845040 0.78171298 0.78675267 0.78645144 0.78545162 0.79012513 0.79760980 0.80297546 0.80170064 0.78681869 0.76632815 0.74874299 0.74469028 0.74947152 0.78314192 0.82247394 0.84194651 0.85584633 0.85895056 0.85468425 0.84845998 0.84695717 0.84882112 0.84530654 0.85083962 0.89943859 0.96110275
-9999.0000 -9999.0000 -9999.0000 -9999.0000 -9999.0000 -9999.0000 -9999.0000 -9999.0000 -9999.0000 -9999.0000 -9999.0000 -9999.0000 -9999.0000 -9999.0000 -9999.0000 -9999.0000 -9999.0000 -9999.0000 0.85817772 0.83638131 0.80631223 0.78418235 0.77784151 0.77499450 0.76819347 0.76430451 0.76777875 0.77278174 0.76765007 0.76087984 0.76257504 0.77101518 0.78016518 0.78902418 0.79529882 0.79922953 0.79802353 0.79893578 0.80395981 0.80856763 0.80929737 0.79566164 0.78466157 0.77573238 0.78271947 0.80356088 0.81967099 0.84955234 0.86284129 0.86248291 0.85514967 0.85448571 0.85712947 0.85108705 0.85389116 0.90091300 0.96264655
-9999.0000 -9999.0000 -9999.0000 -9999.0000 -9999.0000 -9999.0000 -9999.0000 -9999.0000 -9999.0000 -9999.0000 -9999.0000 -9999.0000 -9999.0000 -9999.0000 -9999.0000 -9999.0000 -9999.0000 -9999.0000 -9999.0000 0.85650457 0.82947685 0.79862320 0.77985387 0.77850921 0.77448437 0.77030920 0.76697233 0.77239278 0.77408033 0.76714891 0.76257254 0.76588079 0.77406358 0.78510483 0.79835633 0.80940898 0.81097152 0.80397071 0.80123440 0.80746349 0.81687719 0.82001780 0.81873382 0.81839306 0.81380406 0.81992080 0.83291453 0.85474732 0.86425205 0.86341886 0.85765638 0.85810891 0.86155864 0.85543878 0.85700570 0.89220660 0.95026369
-9999.0000 -9999.0000 -9999.0000 -9999.0000 -9999.0000 -9999.0000 -9999.0000 -9999.0000 -9999.0000 -9999.0000 -9999.0000 -9999.0000 -9999.0000 -9999.0000 -9999.0000 -9999.0000 -9999.0000 -9999.0000 -9999.0000 -9999.0000 0.84925695 0.81609474 0.78738427 0.78110169 0.77862383 0.77599941 0.77175240 0.77174744 0.77515772 0.77151608 0.76459823 0.76663498 0.77507398 0.78595834 0.80078303 0.81151333 0.81245869 0.80981518 0.80603966 0.80527730 0.81101569 0.81640836 0.82182460 0.83318071 0.84214617 0.84939883 0.85896922 0.86456209 0.86486239 0.86238058 0.85724164 0.85768848 0.86247445 0.85990857 0.85920631 0.87901233 0.92198186
-9999.0000 -9999.0000 -9999.0000 -9999.0000 -9999.0000 -9999.0000 -9999.0000 -9999.0000 -9999.0000 -9999.0000 -9999.0000 -9999.0000 -9999.0000 -9999.0000 -9999.0000 -9999.0000 -9999.0000 -9999.0000 -9999.0000 -9999.0000 0.85758157 0.83407775 0.80442568 0.79222306 0.78723124 0.78365412 0.77799484 0.77389050 0.77296493 0.77389177 0.77102146 0.77000242 0.77728101 0.78870547 0.80305274 0.81050891 0.80692480 0.80644638 0.81176591 0.81401491 0.81467654 0.81621482 0.82056267 0.83180018 0.84646848 0.86003970 0.86666377 0.86447115 0.86510294 0.86527036 0.86191188 0.85774717 0.86061501 0.86505006 0.86111392 0.86131546 0.88789652
-9999.0000 -9999.0000 -9999.0000 -9999.0000 -9999.0000 -9999.0000 -9999.0000 -9999.0000 -9999.0000 -9999.0000 -9999.0000 -9999.0000 -9999.0000 -9999.0000 -9999.0000 -9999.0000 -9999.0000 -9999.0000 -9999.0000 -9999.0000 -9999.0000 0.84875760 0.81921442 0.80326240 0.79602967 0.79333350 0.78469754 0.77628263 0.77209887 0.77361250 0.77799364 0.77599242 0.77964996 0.78993320 0.80349060 0.80932552 0.80494884 0.80488529 0.81047818 0.81847539 0.82442795 0.82371104 0.82247093 0.82908760 0.84205153 0.85312850 0.86143958 0.86223248 0.86621148 0.86673604 0.86498395 0.86232199 0.86189204 0.86866511 0.87003426 0.85989471 0.86212457
-9999.0000 -9999.0000 -9999.0000 -9999.0000 -9999.0000 -9999.0000 -9999.0000 -9999.0000 -9999.0000 -9999.0000 -9999.0000 -9999.0000 -9999.0000 -9999.0000 -9999.0000 -9999.0000 -9999.0000 -9999.0000 -9999.0000 -9999.0000 -9999.0000 -9999.0000 0.83573091 0.80604486 0.80071640 0.79997443 0.79369262 0.78155338 0.77429534 0.77474204 0.78118694 0.78588946 0.78654597 0.79333660 0.80337762 0.81056482 0.81204363 0.80898016 0.81140959 0.81571224 0.82566497 0.83402139 0.83547180 0.83584574 0.83950669 0.84705758 0.85494655 0.86246294 0.86902263 0.87109473 0.86839941 0.86768567 0.86802203 0.87405279 0.87766241 0.87352821 0.86723152
-9999.0000 -9999.0000 -9999.0000 -9999.0000 -9999.0000 -9999.0000 -9999.0000 -9999.0000 -9999.0000 -9999.0000 -9999.0000 -9999.0000 -9999.0000 -9999.0000 -9999.0000 -9999.0000 -9999.0000 -9999.0000 -9999.0000 -9999.0000 -9999.0000 -9999.0000 0.85632239 0.81768133 0.80285710 0.80658608 0.80275492 0.78998524 0.77837816 0.77808135 0.78359303 0.79280759 0.79605937 0.79631474 0.80240848 0.81039511 0.81635412 0.81718364 0.81494161 0.81609930 0.82100029 0.83311966 0.83976150 0.84300584 0.84463826 0.84973127 0.85774862 0.86235601 0.86686223 0.87191260 0.87061924 0.86769120 0.86966020 0.87641610 0.88073953 0.88377300 0.87968360
-9999.0000 -9999.0000 -9999.0000 -9999.0000 -9999.0000 -9999.0000 -9999.0000 -9999.0000 -9999.0000 -9999.0000 -9999.0000 -9999.0000 -9999.0000 -9999.0000 -9999.0000 -9999.0000 -9999.0000 -9999.0000 -9999.0000 -9999.0000 -9999.0000 -9999.0000 -9999.0000 0.84172803 0.81535719 0.80639078 0.80048672 0.79345670 0.78583365 0.78375383 0.78632870 0.79459904 0.80135998 0.80294238 0.80427448 0.81125951 0.81756884 0.82290453 0.82035001 0.81773966 0.81873453 0.82752863 0.83699729 0.84123986 0.84753210 0.85696633 0.86267831 0.86266873 0.86368948 0.87018232 0.87419067 0.87154117 0.86968675 0.87576050 0.88124008 0.88745362 0.89114512
-9999.0000 -9999.0000 -9999.0000 -9999.0000 -9999.0000 -9999.0000 -9999.0000 -9999.0000 -9999.0000 -9999.0000 -9999.0000 -9999.0000 -9999.0000 -9999.0000 -9999.0000 -9999.0000 -9999.0000 -9999.0000 -9999.0000 -9999.0000 -9999.0000 -9999.0000 -9999.0000 -9999.0000 0.83348947 0.80599332 0.79178864 0.79411011 0.79425137 0.79283241 0.79099026 0.79489642 0.80075399 0.80562680 0.80814674 0.81288415 0.81787914 0.82539427 0.82515460 0.82181340 0.81844712 0.82122118 0.83222990 0.84282878 0.85104385 0.85888614 0.86549115 0.86539416 0.86335600 0.86764315 0.87301962 0.87335766 0.87193858 0.87425294 0.88008312 0.88604169 0.89475567
-9999.0000 -9999.0000 -9999.0000 -9999.0000 -9999.0000 -9999.0000 -9999.0000 -9999.0000 -9999.0000 -9999.0000 -9999.0000 -9999.0000 -9999.0000 -9999.0000 -9999.0000 -9999.0000 -9999.0000 -9999.0000 -9999.0000 -9999.0000 -9999.0000 -9999.0000 -9999.0000 -9999.0000 0.84200853 0.81714613 0.79074323 0.79736683 0.80237982 0.80309171 0.79806529 0.79870919 0.80394938 0.80923474 0.81438993 0.81769165 0.82231333 0.82845024 0.83077228 0.82718654 0.82246807 0.82017233 0.82730971 0.84180268 0.85596094 0.86427235 0.87346421 0.87870293 0.87594763 0.86978878 0.87092412 0.87332672 0.87396030 0.87594608 0.87958141 0.88404214 0.89192467
-9999.0000 -9999.0000 -9999.0000 -9999.0000 -9999.0000 -9999.0000 -9999.0000 -9999.0000 -9999.0000 -9999.0000 -9999.0000 -9999.0000 -9999.0000 -9999.0000 -9999.0000 -9999.0000 -9999.0000 -9999.0000 -9999.0000 -9999.0000 -9999.0000 -9999.0000 -9999.0000 -9999.0000 -9999.0000 0.83164277 0.80903345 0.80386745 0.80430096 0.80415222 0.79978827 0.80032981 0.80543773 0.81066212 0.81468351 0.81847491 0.82460094 0.82916586 0.83234767 0.83175674 0.82634793 0.82196929 0.82282269 0.83549434 0.85253293 0.86689584 0.87902267 0.88919699 0.89029549 0.88380780 0.87598607 0.87294084 0.87344131 0.87385237 0.87710697 0.88434481 0.89168341
-9999.0000 -9999.0000 -9999.0000 -9999.0000 -9999.0000 -9999.0000 -9999.0000 -9999.0000 -9999.0000 -9999.0000 -9999.0000 -9999.0000 -9999.0000 -9999.0000 -9999.0000 -9999.0000 -9999.0000 -9999.0000 -9999.0000 -9999.0000 -9999.0000 -9999.0000 -9999.0000 -9999.0000 -9999.0000 0.83600142 0.82047641 0.80493681 0.80221471 0.80120054 0.79859500 0.79900084 0.80302189 0.80892401 0.81330561 0.81613846 0.82113856 0.82509171 0.83019660 0.83313933 0.83169913 0.82995538 0.82951556 0.83443360 0.84195291 0.86107585 0.87852383 0.89208289 0.89523581 0.89514523 0.89057273 0.88344426 0.87499753 0.87211470 0.87356082 0.88203293 0.89146980
-9999.0000 -9999.0000 -9999.0000 -9999.0000 -9999.0000 -9999.0000 -9999.0000 -9999.0000 -9999.0000 -9999.0000 -9999.0000 -9999.0000 -9999.0000 -9999.0000 -9999.0000 -9999.0000 -9999.0000 -9999.0000 -9999.0000 -9999.0000 -9999.0000 -9999.0000 -9999.0000 -9999.0000 -9999.0000 -9999.0000 0.82331435 0.80691997 0.80289269 0.80440089 0.80282704 0.80307436 0.80682457 0.81323124 0.81635338 0.82055528 0.82363416 0.82646638 0.83267840 0.83660487 0.83886042 0.84131773 0.84274771 0.84320755 0.84227278 0.85563323 0.87463249 0.89213628 0.89975795 0.90287980 0.90470986 0.90437240 0.89726240 0.88498717 0.87603773 0.87757186 0.88649691
