data/glamos/distributed_mass_balance_grids/tortin/2025_win_obs.grid
ncols        131
nrows        142
xllcorner    2589430.000000000000
yllcorner    1102910.000000000000
cellsize     10.000000000000
NODATA_value  -9999
[rows 75 to 99 of 142, columns 57 to 113 of 131]
0.84849033 0.85752907 0.86747565 0.87891112 0.89379861 0.90997650 0.92792933 0.94146841 0.96225678 0.98453662 1.0090313 1.0377982 1.0754803 1.0987387 1.0796016 -9999.0000 -9999.0000 -9999.0000 -9999.0000 -9999.0000 -9999.0000 -9999.0000 -9999.0000 -9999.0000 -9999.0000 -9999.0000 -9999.0000 -9999.0000 -9999.0000 -9999.0000 -9999.0000 -9999.0000 -9999.0000 -9999.0000 -9999.0000 -9999.0000 -9999.0000 -9999.0000 -9999.0000 -9999.0000 -9999.0000 -9999.0000 -9999.0000 -9999.0000 -9999.0000 -9999.0000 -9999.0000 -9999.0000 -9999.0000 -9999.0000 -9999.0000 -9999.0000 -9999.0000 -9999.0000 -9999.0000 -9999.0000 -9999.0000
0.84371625 0.85164229 0.86453748 0.87753844 0.88921718 0.90119499 0.91762468 0.93235877 0.94945163 0.96710568 0.98565974 1.0136773 1.0517406 1.0906480 1.1066286 1.1017498 -9999.0000 -9999.0000 -9999.0000 -9999.0000 -9999.0000 -9999.0000 -9999.0000 -9999.0000 -9999.0000 -9999.0000 -9999.0000 -9999.0000 -9999.0000 -9999.0000 -9999.0000 -9999.0000 -9999.0000 -9999.0000 -9999.0000 -9999.0000 -9999.0000 -9999.0000 -9999.0000 -9999.0000 -9999.0000 -9999.0000 -9999.0000 -9999.0000 -9999.0000 -9999.0000 -9999.0000 -9999.0000 -9999.0000 -9999.0000 -9999.0000 -9999.0000 -9999.0000 -9999.0000 -9999.0000 -9999.0000 -9999.0000
0.84918145 0.84600453 0.85825054 0.87588055 0.89142399 0.90279486 0.91555736 0.93088955 0.94812657 0.96329856 0.97839892 1.0012592 1.0295703 1.0632289 1.1032574 1.1335176 1.1585940 1.1573264 -9999.0000 -9999.0000 -9999.0000 -9999.0000 -9999.0000 -9999.0000 -9999.0000 -9999.0000 -9999.0000 -9999.0000 -9999.0000 -9999.0000 -9999.0000 -9999.0000 -9999.0000 -9999.0000 -9999.0000 -9999.0000 -9999.0000 -9999.0000 -9999.0000 -9999.0000 -9999.0000 -9999.0000 -9999.0000 -9999.0000 -9999.0000 -9999.0000 -9999.0000 -9999.0000 -9999.0000 -9999.0000 -9999.0000 -9999.0000 -9999.0000 -9999.0000 -9999.0000 -9999.0000 -9999.0000
0.86900953 0.85418508 0.85380897 0.86913647 0.89152496 0.90884550 0.92207410 0.93272726 0.94489761 0.95679142 0.97068307 0.98726464 1.0078831 1.0320111 1.0692953 1.1115780 1.1618472 1.1938366 -9999.0000 -9999.0000 -9999.0000 -9999.0000 -9999.0000 -9999.0000 -9999.0000 -9999.0000 -9999.0000 -9999.0000 -9999.0000 -9999.0000 -9999.0000 -9999.0000 -9999.0000 -9999.0000 -9999.0000 -9999.0000 -9999.0000 -9999.0000 -9999.0000 -9999.0000 -9999.0000 -9999.0000 -9999.0000 -9999.0000 -9999.0000 -9999.0000 -9999.0000 -9999.0000 -9999.0000 -9999.0000 -9999.0000 -9999.0000 -9999.0000 -9999.0000 -9999.0000 -9999.0000 -9999.0000
0.88826300 0.87132383 0.86016984 0.86470493 0.88821339 0.91252863 0.92982606 0.93990166 0.94814720 0.95401821 0.95854905 0.96716890 0.98491753 1.0073058 1.0389932 1.0764321 1.1251027 1.1689700 1.1838069 -9999.0000 -9999.0000 -9999.0000 -9999.0000 -9999.0000 -9999.0000 -9999.0000 -9999.0000 -9999.0000 -9999.0000 -9999.0000 -9999.0000 -9999.0000 -9999.0000 -9999.0000 -9999.0000 -9999.0000 -9999.0000 -9999.0000 -9999.0000 -9999.0000 -9999.0000 -9999.0000 -9999.0000 -9999.0000 -9999.0000 -9999.0000 -9999.0000 -9999.0000 -9999.0000 -9999.0000 -9999.0000 -9999.0000 -9999.0000 -9999.0000 -9999.0000 -9999.0000 -9999.0000
0.90683446 0.89427211 0.87998268 0.87088511 0.88280527 0.90836662 0.93216947 0.94516638 0.95030783 0.95335974 0.95500435 0.95858099 0.96835278 0.98499738 1.0160380 1.0485468 1.0856847 1.1116422 1.1548096 1.1867150 -9999.0000 -9999.0000 -9999.0000 -9999.0000 -9999.0000 -9999.0000 -9999.0000 -9999.0000 -9999.0000 -9999.0000 -9999.0000 -9999.0000 -9999.0000 -9999.0000 -9999.0000 -9999.0000 -9999.0000 -9999.0000 -9999.0000 -9999.0000 -9999.0000 -9999.0000 -9999.0000 -9999.0000 -9999.0000 -9999.0000 -9999.0000 -9999.0000 -9999.0000 -9999.0000 -9999.0000 -9999.0000 -9999.0000 -9999.0000 -9999.0000 -9999.0000 -9999.0000
0.91852289 0.91298260 0.89969956 0.88485457 0.88311773 0.90395080 0.93025805 0.94941214 0.95774139 0.95920088 0.95949681 0.95973103 0.96569936 0.97784131 0.99914734 1.0241732 1.0538301 1.0888638 1.1430086 1.1843032 -9999.0000 -9999.0000 -9999.0000 -9999.0000 -9999.0000 -9999.0000 -9999.0000 -9999.0000 -9999.0000 -9999.0000 -9999.0000 -9999.0000 -9999.0000 -9999.0000 -9999.0000 -9999.0000 -9999.0000 -9999.0000 -9999.0000 -9999.0000 -9999.0000 -9999.0000 -9999.0000 -9999.0000 -9999.0000 -9999.0000 -9999.0000 -9999.0000 -9999.0000 -9999.0000 -9999.0000 -9999.0000 -9999.0000 -9999.0000 -9999.0000 -9999.0000 -9999.0000
0.92757311 0.92912896 0.92155554 0.90437452 0.89196342 0.90219433 0.92826691 0.95184238 0.96727704 0.97127468 0.97204455 0.97216765 0.97566567 0.98331483 0.99797521 1.0155262 1.0375662 1.0767895 1.1305814 1.1707316 1.1885946 1.1574127 1.1574938 1.1717198 -9999.0000 -9999.0000 -9999.0000 -9999.0000 -9999.0000 -9999.0000 -9999.0000 -9999.0000 -9999.0000 -9999.0000 -9999.0000 -9999.0000 -9999.0000 -9999.0000 -9999.0000 -9999.0000 -9999.0000 -9999.0000 -9999.0000 -9999.0000 -9999.0000 -9999.0000 -9999.0000 -9999.0000 -9999.0000 -9999.0000 -9999.0000 -9999.0000 -9999.0000 -9999.0000 -9999.0000 -9999.0000 -9999.0000
0.93773825 0.94196102 0.94167930 0.92974372 0.91335568 0.90630860 0.92675926 0.95383198 0.97624505 0.98578158 0.99094078 0.99592313 1.0015819 1.0070893 1.0142315 1.0231997 1.0388141 1.0718083 1.1186416 1.1604670 1.1874384 1.1868823 1.1794715 1.1561173 1.1639410 -9999.0000 -9999.0000 -9999.0000 -9999.0000 -9999.0000 -9999.0000 -9999.0000 -9999.0000 -9999.0000 -9999.0000 -9999.0000 -9999.0000 -9999.0000 -9999.0000 -9999.0000 -9999.0000 -9999.0000 -9999.0000 -9999.0000 -9999.0000 -9999.0000 -9999.0000 -9999.0000 -9999.0000 -9999.0000 -9999.0000 -9999.0000 -9999.0000 -9999.0000 -9999.0000 -9999.0000 -9999.0000
0.95164464 0.95491662 0.95967837 0.95375072 0.93858792 0.92142724 0.92810958 0.95416054 0.98168108 1.0016939 1.0143667 1.0245912 1.0371859 1.0480459 1.0529121 1.0546400 1.0600275 1.0725833 1.0991517 1.1381268 1.1777455 1.2017108 1.1978634 1.1768247 1.1730153 1.1987876 -9999.0000 -9999.0000 -9999.0000 -9999.0000 -9999.0000 -9999.0000 -9999.0000 -9999.0000 -9999.0000 -9999.0000 -9999.0000 -9999.0000 -9999.0000 0.83745828 -9999.0000 -9999.0000 -9999.0000 -9999.0000 -9999.0000 -9999.0000 -9999.0000 -9999.0000 -9999.0000 -9999.0000 -9999.0000 -9999.0000 -9999.0000 -9999.0000 -9999.0000 -9999.0000 -9999.0000
0.96552228 0.96937323 0.97639695 0.97622753 0.96603086 0.94628019 0.93919267 0.95639639 0.98689323 1.0171967 1.0404552 1.0548073 1.0718380 1.0884003 1.0970723 1.0970011 1.0921738 1.0850767 1.0893927 1.1116579 1.1501093 1.1920638 1.2020056 1.1965759 1.1946506 1.2114886 1.2369584 1.2249815 -9999.0000 -9999.0000 -9999.0000 -9999.0000 -9999.0000 1.4107527 1.4705439 1.5257441 1.5946541 1.6421203 1.6971737 1.7287180 1.3368553 0.73227686 0.67398527 0.80428025 -9999.0000 -9999.0000 -9999.0000 -9999.0000 -9999.0000 -9999.0000 -9999.0000 -9999.0000 -9999.0000 -9999.0000 -9999.0000 -9999.0000 -9999.0000
0.98364089 0.98827540 0.99553380 0.99626798 0.98931739 0.97324086 0.96081189 0.96744663 0.99389659 1.0288013 1.0620828 1.0843014 1.0998969 1.1139180 1.1234474 1.1262173 1.1214999 1.1060403 1.0919692 1.0923994 1.1159598 1.1573232 1.1747563 1.1827677 1.1937756 1.2205047 1.2589031 1.2557158 1.2395936 1.2109305 1.2259259 1.2621800 1.3113779 1.3727457 1.4299551 1.4770467 1.5360813 1.5649644 1.5640297 1.5759455 1.6288036 1.6948512 1.7762957 1.8578982 1.2985127 -9999.0000 -9999.0000 -9999.0000 -9999.0000 -9999.0000 -9999.0000 -9999.0000 -9999.0000 -9999.0000 -9999.0000 -9999.0000 -9999.0000
1.0076033 1.0105570 1.0149685 1.0141169 1.0107223 1.0028188 0.99462281 0.99008567 1.0047335 1.0359312 1.0752147 1.1079077 1.1246522 1.1315948 1.1343303 1.1362735 1.1345380 1.1174642 1.0981712 1.0853874 1.0936466 1.1193867 1.1361481 1.1578343 1.1790378 1.2051467 1.2331790 1.2430304 1.2538634 1.2540806 1.2566371 1.2639992 1.2726651 1.3067975 1.3425193 1.3921854 1.4526412 1.4865256 1.4958258 1.4725702 1.4989015 1.6128096 1.7283874 1.7705484 -9999.0000 -9999.0000 -9999.0000 -9999.0000 -9999.0000 -9999.0000 -9999.0000 -9999.0000 -9999.0000 -9999.0000 -9999.0000 -9999.0000 -9999.0000
1.0358460 1.0428999 1.0409201 1.0318614 1.0299065 1.0275813 1.0232766 1.0170880 1.0214091 1.0412839 1.0759601 1.1127588 1.1319983 1.1328575 1.1286893 1.1268054 1.1258968 1.1137227 1.0997043 1.0826783 1.0847546 1.0978682 1.1097971 1.1328505 1.1590310 1.1837491 1.1982406 1.2107074 1.2269055 1.2350252 1.2390523 1.2388311 1.2403513 1.2514371 1.2630225 1.3018165 1.3683419 1.4234803 1.4491361 1.4398477 1.4605600 1.5458866 1.6371313 1.6798603 -9999.0000 -9999.0000 -9999.0000 -9999.0000 -9999.0000 -9999.0000 -9999.0000 -9999.0000 -9999.0000 -9999.0000 -9999.0000 -9999.0000 -9999.0000
1.0727688 1.0918089 1.0750476 1.0438699 1.0349784 1.0400702 1.0422249 1.0399958 1.0389592 1.0476291 1.0705456 1.0984929 1.1179538 1.1166311 1.1095758 1.1037263 1.1029247 1.0958191 1.0906200 1.0735482 1.0830307 1.0872026 1.0978517 1.1164750 1.1378533 1.1566677 1.1702148 1.1849456 1.1963788 1.2048598 1.2072421 1.2064487 1.2120450 1.2162751 1.2203021 1.2428461 1.2962720 1.3425299 1.3626206 1.3814943 1.4339064 1.5134906 1.5990586 1.6800348 1.5386275 -9999.0000 -9999.0000 -9999.0000 -9999.0000 -9999.0000 -9999.0000 -9999.0000 -9999.0000 -9999.0000 -9999.0000 -9999.0000 -9999.0000
1.0822311 1.1163799 1.0982893 1.0548171 1.0296882 1.0364485 1.0480950 1.0516516 1.0524158 1.0553243 1.0672803 1.0801850 1.0926177 1.0926742 1.0857265 1.0806253 1.0787051 1.0787460 1.0753435 1.0666850 1.0778822 1.0763109 1.0904777 1.1063221 1.1222319 1.1357057 1.1511536 1.1678858 1.1791423 1.1805114 1.1773539 1.1780177 1.1905038 1.1906220 1.1926472 1.2052417 1.2324864 1.2654185 1.2906130 1.3233311 1.3753268 1.4665569 1.5863428 1.6784142 1.7438202 -9999.0000 -9999.0000 -9999.0000 -9999.0000 -9999.0000 -9999.0000 -9999.0000 -9999.0000 -9999.0000 -9999.0000 -9999.0000 -9999.0000
1.0532235 0.96207903 1.0575659 1.0491874 1.0304790 1.0371660 1.0494931 1.0570644 1.0620733 1.0612546 1.0665129 1.0686316 1.0720015 1.0721561 1.0671758 1.0652107 1.0638836 1.0721327 1.0626011 1.0660970 1.0686090 1.0667250 1.0802522 1.0942388 1.1110257 1.1261512 1.1449818 1.1627573 1.1747579 1.1726566 1.1671728 1.1639801 1.1723366 1.1751634 1.1795069 1.1851940 1.1970157 1.2186040 1.2482160 1.2903310 1.3441925 1.4191257 1.5394792 1.6450552 1.7317026 -9999.0000 -9999.0000 -9999.0000 -9999.0000 -9999.0000 -9999.0000 -9999.0000 -9999.0000 -9999.0000 -9999.0000 -9999.0000 -9999.0000
-9999.0000 -9999.0000 -9999.0000 -9999.0000 1.0580851 1.0555847 1.0573359 1.0655312 1.0707828 1.0670378 1.0674014 1.0690330 1.0670336 1.0636056 1.0602731 1.0597507 1.0623732 1.0632386 1.0552740 1.0695284 1.0683652 1.0669089 1.0735206 1.0860704 1.1043135 1.1277832 1.1477053 1.1616836 1.1700373 1.1698000 1.1692871 1.1668101 1.1684516 1.1704359 1.1739394 1.1709713 1.1727815 1.1904842 1.2233589 1.2724965 1.3162165 1.3677853 1.4696788 1.5976660 1.6959222 -9999.0000 -9999.0000 -9999.0000 -9999.0000 -9999.0000 -9999.0000 -9999.0000 -9999.0000 -9999.0000 -9999.0000 -9999.0000 -9999.0000
-9999.0000 -9999.0000 -9999.0000 -9999.0000 -9999.0000 1.0676631 1.0587600 1.0643345 1.0734802 1.0753985 1.0722262 1.0724003 1.0685155 1.0611148 1.0635001 1.0642305 1.0641477 1.0537833 1.0591898 1.0738321 1.0754584 1.0746383 1.0793989 1.0918963 1.1113312 1.1336145 1.1496788 1.1631870 1.1688608 1.1695019 1.1733447 1.1757999 1.1796338 1.1817639 1.1843638 1.1755151 1.1670731 1.1783698 1.2058907 1.2522793 1.2871754 1.3119104 1.3926217 1.5382496 1.6729044 1.0915407 -9999.0000 -9999.0000 -9999.0000 -9999.0000 -9999.0000 -9999.0000 -9999.0000 -9999.0000 -9999.0000 -9999.0000 -9999.0000
-9999.0000 -9999.0000 -9999.0000 -9999.0000 -9999.0000 1.0442367 1.0362184 1.0523430 1.0720163 1.0845533 1.0816307 1.0759620 1.0704751 1.0631987 1.0657738 1.0681680 1.0625188 1.0539315 1.0700383 1.0883234 1.0976531 1.0966101 1.0975027 1.1049775 1.1209828 1.1331182 1.1499484 1.1677439 1.1747311 1.1788199 1.1846553 1.1908864 1.2019860 1.2058078 1.2061954 1.1963252 1.1885724 1.1866369 1.2010231 1.2303109 1.2576361 1.2743368 1.3360715 1.4730992 1.6130082 1.2870680 -9999.0000 -9999.0000 -9999.0000 -9999.0000 -9999.0000 -9999.0000 -9999.0000 -9999.0000 -9999.0000 -9999.0000 -9999.0000
-9999.0000 -9999.0000 -9999.0000 0.97383801 0.98061337 0.99080185 0.99941210 1.0247060 1.0583923 1.0865718 1.0942502 1.0820330 1.0705781 1.0648076 1.0652083 1.0634005 1.0594680 1.0728435 1.1013872 1.1247345 1.1328413 1.1299808 1.1219363 1.1198186 1.1260534 1.1361039 1.1582428 1.1771057 1.1861409 1.1978681 1.2094017 1.2174744 1.2255729 1.2288893 1.2331911 1.2344309 1.2344852 1.2253267 1.2338146 1.2398819 1.2460209 1.2517278 1.2990662 1.4107087 1.5407763 1.6446985 -9999.0000 -9999.0000 -9999.0000 -9999.0000 -9999.0000 -9999.0000 -9999.0000 -9999.0000 -9999.0000 -9999.0000 -9999.0000
1.0304593 1.0347867 1.0166388 0.98758076 0.96124529 0.96661303 0.98296576 1.0027483 1.0344617 1.0679162 1.0864922 1.0814187 1.0697802 1.0649570 1.0524354 1.0427888 1.0593864 1.1036453 1.1515882 1.1863876 1.1950603 1.1819391 1.1589918 1.1406441 1.1367237 1.1456663 1.1672493 1.1884608 1.2082930 1.2298149 1.2492494 1.2625263 1.2636320 1.2597628 1.2565738 1.2602110 1.2711937 1.2819548 1.3016588 1.2846638 1.2677341 1.2659983 1.3072293 1.3861214 1.4962953 1.6063003 1.3611304 -9999.0000 -9999.0000 -9999.0000 -9999.0000 -9999.0000 -9999.0000 -9999.0000 -9999.0000 -9999.0000 -9999.0000
1.0283087 1.0399591 1.0282336 1.0048880 0.97797958 0.97250071 0.98425142 0.99744554 1.0173102 1.0463401 1.0722416 1.0828334 1.0760815 1.0616440 1.0408067 1.0325954 1.0629370 1.1256398 1.1922263 1.2364009 1.2498368 1.2372204 1.2133460 1.1884863 1.1704499 1.1654676 1.1730429 1.1951360 1.2349823 1.2653473 1.2836971 1.3033500 1.3097841 1.3036704 1.2898828 1.2942477 1.3198097 1.3452607 1.3547357 1.3260622 1.3067153 1.3265559 1.3690575 1.4090686 1.4720889 1.5506784 1.6643523 -9999.0000 -9999.0000 -9999.0000 -9999.0000 -9999.0000 -9999.0000 -9999.0000 -9999.0000 -9999.0000 -9999.0000
1.0212613 1.0319343 1.0296103 1.0236535 1.0117855 0.99662632 0.99930217 1.0082714 1.0184002 1.0287196 1.0483441 1.0686323 1.0722987 1.0560488 1.0428796 1.0416549 1.0692400 1.1313160 1.1999196 1.2482033 1.2746781 1.2784342 1.2674452 1.2480489 1.2240955 1.1998523 1.1864209 1.2054578 1.2541426 1.2870457 1.3015782 1.3185664 1.3334947 1.3380422 1.3388707 1.3542348 1.3797763 1.3954749 1.3828895 1.3601726 1.3675144 1.4207163 1.4592440 1.4537536 1.4475243 1.4707669 1.5771540 1.6955373 1.7837519 -9999.0000 -9999.0000 -9999.0000 -9999.0000 -9999.0000 -9999.0000 -9999.0000 -9999.0000
1.0214757 1.0250621 1.0351660 1.0406188 1.0315637 1.0163826 1.0209954 1.0294875 1.0361380 1.0359879 1.0403598 1.0506081 1.0612765 1.0593163 1.0649676 1.0728764 1.0860276 1.1272783 1.1842755 1.2348817 1.2739759 1.2979285 1.3026487 1.2938688 1.2747500 1.2495624 1.2369292 1.2523098 1.2831022 1.3006720 1.3015940 1.3039416 1.3268234 1.3546145 1.3793440 1.3954244 1.4054597 1.4131270 1.4164365 1.4234508 1.4655830 1.5293314 -9999.0000 -9999.0000 -9999.0000 -9999.0000 1.4895232 1.6551221 1.7918400 -9999.0000 -9999.0000 -9999.0000 -9999.0000 -9999.0000 -9999.0000 -9999.0000 -9999.0000
