data/glamos/distributed_mass_balance_grids/tortin/2025_win_fix.grid
ncols        131
nrows        142
xllcorner    2589430.000000000000
yllcorner    1102910.000000000000
cellsize     10.000000000000
NODATA_value  -9999
[rows 75 to 99 of 142, columns 0 to 56 of 131]
-9999.0000 -9999.0000 -9999.0000 -9999.0000 -9999.0000 -9999.0000 -9999.0000 -9999.0000 -9999.0000 -9999.0000 -9999.0000 -9999.0000 -9999.0000 -9999.0000 -9999.0000 -9999.0000 -9999.0000 -9999.0000 -9999.0000 -9999.0000 -9999.0000 -9999.0000 -9999.0000 -9999.0000 -9999.0000 0.83831006 0.82060122 0.80759433 0.80403022 0.80777821 0.80894974 0.80957330 0.81203782 0.81818672 0.82086979 0.82460645 0.82887147 0.83388373 0.83741408 0.83906942 0.84167421 0.84640818 0.84971593 0.85168871 0.85184309 0.85697380 0.87221891 0.88994350 0.90328021 0.90750357 0.91174089 0.91694781 0.91875983 0.91022361 0.89323120 0.88293732 0.88497353
-9999.0000 -9999.0000 -9999.0000 -9999.0000 -9999.0000 -9999.0000 -9999.0000 -9999.0000 -9999.0000 -9999.0000 -9999.0000 -9999.0000 -9999.0000 -9999.0000 -9999.0000 -9999.0000 -9999.0000 -9999.0000 -9999.0000 -9999.0000 -9999.0000 -9999.0000 -9999.0000 -9999.0000 0.84989894 0.83263828 0.81519681 0.80577300 0.80564481 0.80990353 0.81019798 0.80991750 0.81518953 0.82075038 0.82431316 0.82828077 0.83381265 0.84147882 0.84365110 0.84286289 0.84435147 0.84902381 0.85343477 0.85615600 0.85707757 0.85990997 0.87240341 0.88817112 0.90405193 0.91168989 0.91724264 0.92227251 0.92562975 0.92564752 0.91562233 0.90054923 0.88889179
-9999.0000 -9999.0000 -9999.0000 -9999.0000 -9999.0000 -9999.0000 -9999.0000 -9999.0000 -9999.0000 -9999.0000 -9999.0000 -9999.0000 -9999.0000 -9999.0000 -9999.0000 -9999.0000 -9999.0000 -9999.0000 -9999.0000 -9999.0000 -9999.0000 -9999.0000 -9999.0000 -9999.0000 0.84732869 0.82622041 0.81137267 0.80354332 0.80420720 0.80829492 0.81322223 0.81526915 0.82180038 0.82840424 0.83338134 0.83684821 0.83906853 0.84417177 0.84741373 0.84939421 0.85128888 0.85287516 0.85573655 0.85972937 0.86245747 0.86649557 0.87554703 0.88808003 0.90323986 0.91622132 0.92316078 0.92744073 0.93142062 0.93488068 0.93331981 0.92421123 0.90877823
-9999.0000 -9999.0000 -9999.0000 -9999.0000 -9999.0000 -9999.0000 -9999.0000 -9999.0000 -9999.0000 -9999.0000 -9999.0000 -9999.0000 -9999.0000 -9999.0000 -9999.0000 -9999.0000 -9999.0000 -9999.0000 -9999.0000 -9999.0000 -9999.0000 -9999.0000 -9999.0000 -9999.0000 0.84588220 0.82186773 0.80934911 0.80468900 0.80432052 0.80750959 0.81366237 0.82131062 0.82835820 0.83613689 0.84398312 0.84743954 0.84570478 0.84578948 0.84970457 0.85406964 0.85670139 0.85744017 0.85707559 0.85918183 0.86241133 0.86971656 0.88112744 0.89468099 0.91025724 0.92244823 0.92937805 0.93594020 0.93880118 0.94403072 0.94512906 0.94198404 0.93174130
-9999.0000 -9999.0000 -9999.0000 -9999.0000 -9999.0000 -9999.0000 -9999.0000 -9999.0000 -9999.0000 -9999.0000 -9999.0000 -9999.0000 -9999.0000 -9999.0000 -9999.0000 -9999.0000 -9999.0000 -9999.0000 -9999.0000 -9999.0000 -9999.0000 -9999.0000 -9999.0000 0.84855158 0.84008025 0.82457396 0.81377711 0.80956467 0.80888580 0.81087048 0.81617800 0.82483975 0.82957876 0.84066688 0.85395250 0.85774295 0.85565181 0.85342164 0.85699287 0.86077735 0.86382434 0.86414444 0.85981454 0.85701275 0.86010737 0.87157682 0.88737081 0.90433957 0.92184369 0.93302560 0.94047952 0.94572521 0.94899218 0.95150827 0.95267968 0.95257782 0.94789460
-9999.0000 -9999.0000 -9999.0000 -9999.0000 -9999.0000 -9999.0000 -9999.0000 -9999.0000 -9999.0000 -9999.0000 -9999.0000 -9999.0000 -9999.0000 -9999.0000 -9999.0000 -9999.0000 -9999.0000 -9999.0000 -9999.0000 -9999.0000 -9999.0000 -9999.0000 -9999.0000 -9999.0000 0.83045204 0.82758235 0.82064902 0.81508412 0.81394858 0.81484178 0.81863110 0.82535136 0.82936516 0.83859634 0.85531704 0.86418548 0.86470412 0.86515690 0.86844124 0.87116203 0.87083773 0.87182178 0.86654465 0.85996656 0.85844198 0.87005049 0.88951718 0.91212649 0.93130078 0.94369731 0.95081646 0.95419719 0.95525073 0.95538523 0.95668382 0.95967617 0.95910635
-9999.0000 -9999.0000 -9999.0000 -9999.0000 -9999.0000 -9999.0000 -9999.0000 -9999.0000 -9999.0000 -9999.0000 -9999.0000 -9999.0000 -9999.0000 -9999.0000 -9999.0000 -9999.0000 -9999.0000 -9999.0000 -9999.0000 -9999.0000 -9999.0000 -9999.0000 -9999.0000 0.84845887 0.83312375 0.83264367 0.82957432 0.82456246 0.82238114 0.82282325 0.82782894 0.82706353 0.82866067 0.83409185 0.84752084 0.86413619 0.87305033 0.87940887 0.88284255 0.88405967 0.87926838 0.87755275 0.87348597 0.86640057 0.86267432 0.87282263 0.89245166 0.91823700 0.93931997 0.95666865 0.96220126 0.96257518 0.95990977 0.95896597 0.95938183 0.96336717 0.96586161
-9999.0000 -9999.0000 -9999.0000 -9999.0000 -9999.0000 -9999.0000 -9999.0000 -9999.0000 -9999.0000 -9999.0000 -9999.0000 -9999.0000 -9999.0000 -9999.0000 -9999.0000 -9999.0000 -9999.0000 -9999.0000 -9999.0000 -9999.0000 -9999.0000 -9999.0000 0.87942727 0.85675172 0.84327167 0.84539402 0.84640375 0.83791114 0.83459655 0.83404816 0.83917482 0.83926045 0.83912660 0.83480963 0.83336431 0.85139885 0.87731375 0.89478714 0.89851612 0.89662444 0.88853036 0.88240044 0.87628234 0.87319852 0.87262762 0.88135241 0.89760480 0.91991146 0.93795343 0.95872714 0.97238393 0.97322869 0.96917297 0.96714960 0.96795554 0.97094651 0.97282377
-9999.0000 -9999.0000 -9999.0000 -9999.0000 -9999.0000 -9999.0000 -9999.0000 -9999.0000 -9999.0000 -9999.0000 -9999.0000 -9999.0000 -9999.0000 -9999.0000 -9999.0000 -9999.0000 -9999.0000 -9999.0000 -9999.0000 -9999.0000 -9999.0000 0.89506805 0.88438422 0.86308988 0.84872926 0.84989136 0.85528089 0.85294904 0.84963624 0.85027604 0.85513995 0.86274312 0.86077957 0.84585888 0.82403031 0.83315453 0.87352964 0.90604954 0.91458292 0.91053297 0.89999497 0.88910156 0.88128881 0.87864497 0.88085813 0.88900122 0.90216952 0.92154159 0.93777108 0.96381406 0.98461874 0.98791503 0.98391357 0.98020086 0.98120757 0.98347965 0.98395946
-9999.0000 -9999.0000 -9999.0000 -9999.0000 -9999.0000 -9999.0000 -9999.0000 -9999.0000 -9999.0000 -9999.0000 -9999.0000 -9999.0000 -9999.0000 -9999.0000 -9999.0000 -9999.0000 -9999.0000 -9999.0000 -9999.0000 -9999.0000 0.92528256 0.90062163 0.88239883 0.85679352 0.84615886 0.85366790 0.86015958 0.87009594 0.86786152 0.86984396 0.87387177 0.87774918 0.87534929 0.86659749 0.84182782 0.83183106 0.86608932 0.90725625 0.92577438 0.92011180 0.90799366 0.89767449 0.88912649 0.88442623 0.88633958 0.89311754 0.90676909 0.92740797 0.95198791 0.97729672 0.99802332 1.0028516 0.99750723 0.99042812 0.99127163 0.99541299 0.99864784
-9999.0000 -9999.0000 -9999.0000 -9999.0000 -9999.0000 -9999.0000 -9999.0000 -9999.0000 -9999.0000 -9999.0000 -9999.0000 -9999.0000 -9999.0000 -9999.0000 -9999.0000 -9999.0000 -9999.0000 0.92211934 0.91757848 -9999.0000 0.93436982 0.90118201 0.87757444 0.86945249 0.86950126 0.86367886 0.86096340 0.87295887 0.88118767 0.88424005 0.88608016 0.88448321 0.88154592 0.88555357 0.87940457 0.86798655 0.87256831 0.89834102 0.92083504 0.92303757 0.91352664 0.90518791 0.89706956 0.89066959 0.89158857 0.90014772 0.91921443 0.94322692 0.97061821 0.99374535 1.0119627 1.0184449 1.0114745 1.0008444 0.99918817 1.0050225 1.0118886
-9999.0000 -9999.0000 -9999.0000 -9999.0000 -9999.0000 -9999.0000 -9999.0000 -9999.0000 -9999.0000 -9999.0000 -9999.0000 -9999.0000 -9999.0000 -9999.0000 -9999.0000 -9999.0000 -9999.0000 0.95442919 0.93074015 0.92487304 0.90549493 0.89268829 0.87948753 0.87812638 0.88125164 0.87945976 0.87995996 0.88406843 0.89119124 0.89589984 0.89709892 0.89642585 0.89348403 0.90093645 0.90935907 0.90425767 0.89039945 0.89430194 0.90638207 0.91898923 0.91789512 0.91184462 0.90290114 0.89704428 0.89813321 0.91089797 0.93384959 0.96079948 0.99101821 1.0149649 1.0265491 1.0279576 1.0185719 1.0086599 1.0054644 1.0144860 1.0288497
-9999.0000 -9999.0000 -9999.0000 -9999.0000 -9999.0000 -9999.0000 -9999.0000 -9999.0000 -9999.0000 -9999.0000 -9999.0000 -9999.0000 -9999.0000 -9999.0000 -9999.0000 -9999.0000 -9999.0000 0.98404694 0.95270045 0.91241844 0.88270791 0.88602143 0.88857667 0.89587400 0.89738533 0.89296332 0.89441951 0.89759497 0.90094355 0.90470502 0.90699223 0.91262693 0.91487293 0.91559949 0.92102942 0.92580276 0.91711713 0.90850381 0.90107827 0.90904265 0.91700623 0.91514421 0.90731644 0.90227881 0.90478973 0.91973500 0.94617237 0.97979512 1.0143387 1.0370119 1.0391205 1.0315923 1.0221786 1.0171279 1.0176695 1.0294813 1.0488327
-9999.0000 -9999.0000 -9999.0000 -9999.0000 -9999.0000 -9999.0000 -9999.0000 -9999.0000 -9999.0000 -9999.0000 -9999.0000 -9999.0000 -9999.0000 -9999.0000 -9999.0000 -9999.0000 1.0205675 0.98659280 0.94884728 0.90190023 0.88060161 0.89599826 0.91510763 0.91584929 0.90962185 0.90555402 0.90848468 0.91087749 0.91482533 0.91702486 0.91942147 0.92147498 0.92815108 0.92978783 0.92970309 0.93350430 0.93470161 0.92781240 0.91672113 0.91114409 0.91809168 0.91707991 0.91290119 0.90986980 0.91239209 0.92764308 0.95536425 0.99318403 1.0299452 1.0499193 1.0472409 1.0351700 1.0267700 1.0278775 1.0338109 1.0456656 1.0684415
-9999.0000 -9999.0000 -9999.0000 -9999.0000 -9999.0000 -9999.0000 -9999.0000 -9999.0000 -9999.0000 -9999.0000 -9999.0000 -9999.0000 -9999.0000 -9999.0000 -9999.0000 -9999.0000 1.0083400 0.99228702 0.96583020 0.91776868 0.89873786 0.90495510 0.92918797 0.93215027 0.92469408 0.92380467 0.92402377 0.92516914 0.92997009 0.93269163 0.92878573 0.92492536 0.93173922 0.94281731 0.94424988 0.94583888 0.94629574 0.94347894 0.93318566 0.92565214 0.92650719 0.92467798 0.92099148 0.91945745 0.92197565 0.93577385 0.96405440 1.0032852 1.0379804 1.0523640 1.0489934 1.0383121 1.0353674 1.0438067 1.0508492 1.0544210 1.0809665
-9999.0000 -9999.0000 -9999.0000 -9999.0000 -9999.0000 -9999.0000 -9999.0000 -9999.0000 -9999.0000 -9999.0000 -9999.0000 -9999.0000 -9999.0000 -9999.0000 -9999.0000 -9999.0000 0.96749743 0.97713872 0.98146585 0.95224931 0.93554782 0.92196488 0.93575299 0.94131777 0.93321949 0.93434325 0.93961205 0.94028307 0.94015064 0.94454611 0.94768551 0.94383903 0.93777080 0.94097060 0.95047456 0.96342456 0.96513776 0.95922822 0.94712715 0.93985458 0.93498101 0.93293124 0.93227662 0.93097738 0.93323062 0.94442666 0.97110067 1.0068724 1.0374635 1.0496902 1.0489116 1.0441535 1.0472884 1.0605538 1.0625990 1.0519196 1.0712564
-9999.0000 -9999.0000 -9999.0000 -9999.0000 -9999.0000 -9999.0000 -9999.0000 -9999.0000 -9999.0000 -9999.0000 -9999.0000 -9999.0000 -9999.0000 -9999.0000 -9999.0000 -9999.0000 0.94214871 0.96888150 0.99504600 0.98844085 0.97539585 0.95002295 0.94753942 0.95079490 0.94317366 0.94864913 0.95800358 0.96044982 0.95375812 0.95801554 0.97267048 0.97227721 0.95631351 0.93853669 0.95840242 0.98270108 0.98770708 0.97703167 0.95890468 0.94871560 0.94116644 0.94178708 0.94542574 0.94545252 0.94470385 0.95303573 0.97788095 1.0100759 1.0346887 1.0461581 1.0494526 1.0497390 1.0509270 1.0601326 1.0656163 1.0747819 1.0733866
-9999.0000 -9999.0000 -9999.0000 -9999.0000 -9999.0000 -9999.0000 -9999.0000 -9999.0000 -9999.0000 -9999.0000 -9999.0000 -9999.0000 -9999.0000 -9999.0000 -9999.0000 -9999.0000 0.93251403 0.97114730 1.0057364 1.0223141 1.0132189 0.98517610 0.96588355 0.96277232 0.96006253 0.96778857 0.97350805 0.97973473 0.97358819 0.97489713 0.98921528 0.99456800 0.98599053 0.96410749 0.97898390 1.0002944 1.0054244 0.99456407 0.97565123 0.96314459 0.95232878 0.95355269 0.95808361 0.95959977 0.95757779 0.96224334 0.98446240 1.0148293 1.0369001 1.0468359 1.0533779 1.0567666 1.0541755 1.0619251 1.0788052 1.1146630 -9999.0000
-9999.0000 -9999.0000 -9999.0000 -9999.0000 -9999.0000 -9999.0000 -9999.0000 -9999.0000 -9999.0000 -9999.0000 -9999.0000 -9999.0000 -9999.0000 -9999.0000 -9999.0000 -9999.0000 0.94950497 0.98809364 1.0210549 1.0468675 1.0444763 1.0172629 0.98951247 0.97639642 0.98002233 0.98989256 0.98511418 0.99100391 0.99417073 0.99902565 1.0092300 1.0157476 1.0145872 0.99989549 1.0027929 1.0168335 1.0187743 1.0115656 0.99686380 0.98287882 0.97112142 0.96642677 0.96813143 0.96966807 0.96906629 0.97377913 0.99175657 1.0202347 1.0416386 1.0545288 1.0634259 1.0710852 1.0692024 1.0773294 1.0940543 1.1123475 -9999.0000
-9999.0000 -9999.0000 -9999.0000 -9999.0000 -9999.0000 -9999.0000 -9999.0000 -9999.0000 -9999.0000 -9999.0000 -9999.0000 -9999.0000 -9999.0000 -9999.0000 -9999.0000 -9999.0000 0.98051655 1.0283176 1.0580178 1.0765595 1.0701210 1.0474645 1.0113208 0.98699313 0.99251476 1.0085549 1.0159619 1.0189508 1.0181324 1.0210345 1.0316883 1.0375339 1.0360775 1.0361956 1.0324399 1.0378788 1.0342516 1.0271450 1.0184370 1.0031664 0.98970575 0.97977723 0.97770511 0.97860550 0.97862850 0.98572712 1.0020675 1.0252990 1.0458424 1.0644141 1.0782689 1.0937250 1.0965420 1.0953348 1.0974400 1.0975384 -9999.0000
-9999.0000 -9999.0000 -9999.0000 -9999.0000 -9999.0000 -9999.0000 -9999.0000 -9999.0000 -9999.0000 -9999.0000 -9999.0000 -9999.0000 -9999.0000 -9999.0000 -9999.0000 -9999.0000 1.0177041 1.0721610 1.0991847 1.1046666 1.0968094 1.0819012 1.0434489 1.0161819 1.0066354 1.0115678 1.0309938 1.0417500 1.0362907 1.0435173 1.0642445 1.0669593 1.0605628 1.0667223 1.0623657 1.0586250 1.0531833 1.0444268 1.0373585 1.0222046 1.0051551 0.99368237 0.99142630 0.99207817 0.99017742 0.99626232 1.0116844 1.0317029 1.0539767 1.0790693 1.1007871 1.1193148 1.1221360 1.1098976 1.0868823 1.0703113 1.0717214
-9999.0000 -9999.0000 -9999.0000 -9999.0000 -9999.0000 -9999.0000 -9999.0000 -9999.0000 -9999.0000 -9999.0000 -9999.0000 -9999.0000 -9999.0000 -9999.0000 -9999.0000 -9999.0000 1.0681598 1.1087441 1.1183000 1.1129999 1.1106699 1.1079051 1.0903273 1.0605779 1.0281468 1.0090063 1.0258308 1.0459951 1.0465942 1.0603341 1.0838427 1.0890659 1.0865642 1.0925165 1.0865353 1.0788433 1.0755294 1.0675515 1.0544061 1.0350667 1.0178410 1.0082123 1.0061656 1.0064556 1.0071149 1.0109655 1.0202665 1.0381018 1.0630454 1.0945808 1.1208114 1.1360780 1.1307394 1.1082306 1.0780590 1.0588673 1.0623428
-9999.0000 -9999.0000 -9999.0000 -9999.0000 -9999.0000 -9999.0000 -9999.0000 -9999.0000 -9999.0000 -9999.0000 -9999.0000 -9999.0000 -9999.0000 -9999.0000 -9999.0000 -9999.0000 1.1355110 1.1539794 1.1303924 1.1075571 1.1188607 1.1358560 1.1322511 1.1014840 1.0623206 1.0220230 0.99750886 -9999.0000 0.96123144 -9999.0000 -9999.0000 1.0934751 1.1061374 1.1116250 1.1026597 1.1025274 1.1042689 1.0958468 1.0767564 1.0503888 1.0305719 1.0220813 1.0214117 1.0260668 1.0298299 1.0299414 1.0319274 1.0498862 1.0782653 1.1091364 1.1347071 1.1436562 1.1322834 1.1077562 1.0795755 1.0609267 1.0608545
-9999.0000 -9999.0000 -9999.0000 -9999.0000 -9999.0000 -9999.0000 -9999.0000 -9999.0000 -9999.0000 -9999.0000 -9999.0000 -9999.0000 -9999.0000 -9999.0000 -9999.0000 -9999.0000 -9999.0000 1.1279301 1.1560177 1.1159063 1.1369238 1.1632928 1.1693048 1.1462665 1.1092293 1.0619283 -9999.0000 -9999.0000 -9999.0000 -9999.0000 -9999.0000 -9999.0000 0.99833873 1.1064428 1.1118914 1.1162710 1.1306965 1.1252245 1.1070211 1.0798409 1.0532426 1.0399366 1.0366681 1.0464769 1.0562793 1.0530190 1.0488704 1.0650874 1.0972764 1.1286873 1.1505527 1.1544067 1.1401485 1.1177003 1.0924597 1.0732174 1.0645740
-9999.0000 -9999.0000 -9999.0000 -9999.0000 -9999.0000 -9999.0000 -9999.0000 -9999.0000 -9999.0000 -9999.0000 -9999.0000 -9999.0000 -9999.0000 -9999.0000 -9999.0000 -9999.0000 -9999.0000 -9999.0000 1.0279950 1.1632090 1.1681296 1.1991348 1.2168494 1.2049615 1.1719915 1.1325310 1.0829398 -9999.0000 -9999.0000 -9999.0000 -9999.0000 -9999.0000 -9999.0000 -9999.0000 1.1390135 1.1260517 1.1300031 1.1365147 1.1389216 1.1206510 1.0859680 1.0619300 1.0532221 1.0669214 1.0845693 1.0855391 1.0765957 1.0877893 1.1176338 1.1499017 1.1686673 1.1706217 1.1582729 1.1404240 1.1124943 1.0897812 1.0741817
