data/glamos/distributed_mass_balance_grids/tortin/2025_win_fix.grid
ncols        131
nrows        142
xllcorner    2589430.000000000000
yllcorner    1102910.000000000000
cellsize     10.000000000000
NODATA_value  -9999
[rows 100 to 124 of 142, columns 57 to 113 of 131]
1.0727924 1.0761335 1.0950285 1.1006228 1.0909491 1.0865840 1.0953609 1.1036642 1.1072963 1.1041284 1.1037732 1.1096012 1.1203264 1.1327113 1.1462839 1.1563187 1.1583243 1.1716761 1.2125344 1.2632905 1.3108660 1.3494082 1.3689702 1.3733863 1.3732650 1.3717920 1.3789422 1.3892331 1.3923072 1.3792491 1.3590737 1.3406149 1.3595999 1.3991299 1.4405152 1.4588430 1.4712778 1.4899646 1.5287209 1.5809090 1.6383251 -9999.0000 -9999.0000 -9999.0000 -9999.0000 -9999.0000 -9999.0000 1.6642991 1.8096010 1.7349362 -9999.0000 -9999.0000 -9999.0000 -9999.0000 -9999.0000 -9999.0000 -9999.0000
1.0765916 1.0844890 1.1087042 1.1065522 1.1065864 1.1089526 1.1183483 1.1255651 1.1311911 1.1358781 1.1414504 1.1453547 1.1527959 1.1663086 1.1746675 1.1790386 1.1780481 1.1704545 1.1841214 1.2265112 1.2764897 1.3206694 1.3521075 1.3731996 1.3982522 1.4291238 1.4482189 1.4440623 1.4189905 1.3865092 1.3556079 1.3293070 1.3298905 1.3634321 1.4072675 1.4392533 1.4648263 1.5134129 1.5801829 1.4889462 -9999.0000 -9999.0000 -9999.0000 -9999.0000 -9999.0000 -9999.0000 -9999.0000 -9999.0000 1.7318052 1.8205278 1.8168526 -9999.0000 -9999.0000 -9999.0000 -9999.0000 -9999.0000 -9999.0000
1.0919578 1.1086696 1.1143362 1.1157633 1.1222788 1.1296611 1.1389979 1.1471590 1.1616276 1.1778657 1.1906030 1.1920176 1.1892313 1.1948267 1.1984633 1.2007479 1.1962023 1.1808986 1.1692457 1.1880746 1.2315662 1.2787160 1.3203664 1.3614969 1.4082102 1.4502105 1.4605782 1.4362662 1.3999253 1.3665447 1.3411069 1.3168827 1.3103374 1.3362299 1.3886309 1.4345306 1.4640192 1.5285334 1.3453963 -9999.0000 -9999.0000 -9999.0000 -9999.0000 -9999.0000 -9999.0000 -9999.0000 -9999.0000 -9999.0000 1.6507936 1.7203901 1.8169386 1.8571099 1.8655912 -9999.0000 1.9434067 -9999.0000 -9999.0000
1.1251504 1.1178196 1.1181929 1.1317333 1.1423796 1.1520104 1.1601606 1.1780770 1.2071684 1.2319811 1.2432964 1.2331234 1.2186540 1.2177131 1.2197730 1.2207043 1.2143457 1.1989052 1.1779628 1.1701681 1.1957470 1.2409358 1.2890398 1.3424352 1.3891990 1.4157438 1.4077035 1.3791054 1.3535594 1.3393576 1.3371381 1.3240978 1.3171961 1.3331553 1.3946157 1.4540535 1.4923954 1.1081380 0.57012852 -9999.0000 -9999.0000 -9999.0000 -9999.0000 -9999.0000 -9999.0000 1.3514820 1.5010963 1.5662862 1.6014993 1.6520870 1.7561069 1.8339850 1.8465298 1.8748437 1.9385160 2.0317949 2.1389560
1.1503802 1.1285515 1.1307189 1.1457959 1.1621363 1.1709789 1.1846892 1.2146331 1.2642094 1.2954328 1.2936153 1.2688073 1.2441771 1.2362791 1.2323540 1.2317960 1.2277630 1.2187929 1.2037331 1.1797619 1.1799580 1.2145463 1.2627246 1.3102757 1.3391534 1.3470710 1.3353450 1.3193525 1.3099450 1.3092261 1.3283614 1.3412040 1.3387434 1.3471172 1.4121642 1.4849932 -9999.0000 -9999.0000 -9999.0000 -9999.0000 -9999.0000 -9999.0000 -9999.0000 -9999.0000 -9999.0000 -9999.0000 -9999.0000 -9999.0000 -9999.0000 1.5583633 1.6959718 1.7933869 1.8234463 1.8435072 1.8824750 1.9850857 2.1061297
1.1616302 1.1484068 1.1517975 1.1695100 1.1854067 1.1899344 1.2082809 1.2574328 1.3241081 1.3481612 1.3346632 1.3024882 1.2748201 1.2554439 1.2420276 1.2386169 1.2382876 1.2356275 1.2261130 1.2075606 1.1950959 1.2076444 1.2421019 1.2739407 1.2918266 1.2945367 1.2885574 1.2825876 1.2810438 1.2911154 1.3286548 1.3665928 1.3796312 1.3698267 1.4009600 1.4861616 1.5349945 -9999.0000 -9999.0000 -9999.0000 -9999.0000 -9999.0000 -9999.0000 -9999.0000 -9999.0000 -9999.0000 -9999.0000 -9999.0000 -9999.0000 -9999.0000 1.6107937 1.7381476 1.7956670 1.8320649 1.8879839 1.9689551 2.0416352
1.1684804 1.1633540 1.1726614 1.1896965 1.2020962 1.2074254 1.2379719 1.3096186 1.3705526 1.3737504 1.3521730 1.3254549 1.3033105 1.2765735 1.2537898 1.2464291 1.2531017 1.2577171 1.2515638 1.2320168 1.2193476 1.2163491 1.2331456 1.2533190 1.2660947 1.2649100 1.2620752 1.2617856 1.2672004 1.2904103 1.3384628 1.3925434 1.4202812 1.4065969 1.4037079 1.4751935 1.5601881 1.0401748 -9999.0000 -9999.0000 -9999.0000 -9999.0000 -9999.0000 -9999.0000 -9999.0000 -9999.0000 -9999.0000 -9999.0000 -9999.0000 -9999.0000 -9999.0000 1.6561715 1.7457312 1.8095822 1.8734183 1.9273521 1.9700217
1.1791487 1.1741181 1.1851300 1.2009046 1.2127645 1.2291459 1.2726707 1.3473030 1.3858512 1.3746527 1.3484255 1.3293059 1.3173441 1.2959053 1.2744731 1.2649092 1.2727339 1.2849967 1.2827862 1.2638486 1.2462125 1.2377145 1.2360277 1.2473217 1.2566379 1.2550827 1.2554301 1.2574427 1.2725086 1.3074970 1.3625406 1.4211910 1.4536409 1.4444704 1.4379818 1.4943119 1.5730379 1.2149843 -9999.0000 -9999.0000 -9999.0000 -9999.0000 -9999.0000 -9999.0000 -9999.0000 -9999.0000 -9999.0000 1.3294833 -9999.0000 -9999.0000 -9999.0000 1.5436734 1.6468902 1.3411961 0.98390152 1.0064398 1.3844406
1.1965683 1.1881411 1.1913047 1.2032221 1.2229951 1.2562557 1.3104101 1.3556378 1.3677064 1.3616163 1.3378392 1.3187175 1.3110387 1.3024406 1.2930433 1.2857249 1.2897976 1.3075488 1.3134694 1.3108532 1.2879655 1.2663939 1.2501873 1.2440929 1.2540702 1.2580645 1.2613972 1.2677200 1.2903711 1.3263490 1.3719563 1.4208547 1.4528271 1.4548463 1.4585596 1.4982302 1.5642642 1.5716435 -9999.0000 -9999.0000 -9999.0000 -9999.0000 -9999.0000 -9999.0000 -9999.0000 -9999.0000 1.4605479 1.4826222 1.4749931 1.4346835 1.4280360 -9999.0000 1.3269583 0.72642212 -9999.0000 -9999.0000 -9999.0000
1.2165551 1.2047637 1.1996984 1.2078267 1.2398685 1.2862727 1.3303965 1.3364771 1.3373088 1.3504016 1.3372664 1.3166365 1.3017535 1.2938166 1.2972348 1.2997519 1.3039724 1.3227041 1.3474926 1.3767081 1.3543420 1.3040749 1.2732234 1.2561184 1.2537892 1.2622817 1.2745794 1.2921242 1.3127863 1.3367369 1.3624025 1.3965906 1.4308410 1.4522773 1.4612063 1.4816540 1.5245075 1.5487476 1.5373885 -9999.0000 1.4855012 1.5225617 1.5665542 1.5656742 1.5267860 -9999.0000 1.5357283 1.5797578 1.6011366 1.5760954 1.5379781 -9999.0000 -9999.0000 -9999.0000 -9999.0000 -9999.0000 -9999.0000
1.2329535 1.2198518 1.2142792 1.2218746 1.2602587 1.3116089 1.3453190 1.3422369 1.3315015 1.3458968 1.3387649 1.3240348 1.2994041 1.2846500 1.2920785 1.3056153 1.3151267 1.3293996 1.3736704 1.4330228 1.4233360 1.3549630 1.3007319 1.2788365 1.2691418 1.2672936 1.2809213 1.2982804 1.3219852 1.3382064 1.3450566 1.3638831 1.3922137 1.4240732 1.4417160 1.4538187 1.4867669 1.5318820 1.5795224 1.5789835 1.5706074 1.5859484 1.6208755 1.6319166 1.5999401 1.5598025 1.5601981 1.5944603 1.6324928 1.6386109 1.6058702 1.5479173 1.5147445 1.4859253 -9999.0000 -9999.0000 -9999.0000
1.2547864 1.2441541 1.2403619 1.2534410 1.2938104 1.3388819 1.3672390 1.3692481 1.3606339 1.3467086 1.3399559 1.3312142 1.3041406 1.2926105 1.2983205 1.3155446 1.3262076 1.3389451 1.3909878 1.4518418 1.4611903 1.4048982 1.3418234 1.3091445 1.2993657 1.2861630 1.2874952 1.2933251 1.3063885 1.3088921 1.3163939 1.3255549 1.3461800 1.3805814 1.4093903 1.4284321 1.4541460 1.4923924 1.5452000 1.5598382 1.5706165 1.5755730 1.5978269 1.6278148 1.6299932 1.6099569 1.5875224 1.5889515 1.5998598 1.6128641 1.6194212 1.6128613 1.6420935 1.6916346 1.2861122 -9999.0000 -9999.0000
1.2844964 1.2807548 1.2777366 1.2953910 1.3401273 1.3782390 1.3917165 1.3933286 1.3887234 1.3691818 1.3590856 1.3425463 1.3186964 1.3139249 1.3174396 1.3239157 1.3306647 1.3522937 1.3994513 1.4415654 1.4632353 1.4317488 1.3780160 1.3385682 1.3299979 1.3201405 1.2999289 1.2810397 1.2741293 1.2700156 1.2787135 1.2842393 1.3040478 1.3316612 1.3634676 1.3861643 1.3986278 1.4221904 1.4655194 1.4920988 1.5135644 1.5132467 1.5166133 1.5605145 1.6233836 1.6500178 1.6190036 1.5859963 1.5744107 1.5724343 1.5956862 1.6156575 1.6644241 1.7413548 -9999.0000 -9999.0000 -9999.0000
1.3229494 1.3191401 1.3299688 1.3584349 1.3944759 1.4201409 1.4212828 1.4274530 1.4386832 1.4307687 1.4078836 1.3713875 1.3506183 1.3352814 1.3274440 1.3294320 1.3504381 1.3885686 1.4194122 1.4391194 1.4485142 1.4329390 1.3978477 1.3623778 1.3480792 1.3386995 1.3271892 1.3193591 1.3127553 1.3045250 1.3014535 1.2948204 1.2999774 1.3127693 1.3402553 1.3616468 1.3586566 1.3678175 1.3969015 1.4304446 1.4546668 1.4595895 1.4725317 1.5267770 1.6112747 1.6568557 1.6327182 -9999.0000 -9999.0000 -9999.0000 -9999.0000 -9999.0000 -9999.0000 -9999.0000 -9999.0000 -9999.0000 -9999.0000
1.3833899 1.3697735 1.3894524 1.4428980 1.4729688 1.4657671 1.4621728 1.4856328 1.5113872 1.5244442 1.4925892 1.4363124 1.3990210 1.3598667 1.3333995 1.3435948 1.3927223 1.4289248 1.4366277 1.4357963 1.4295794 1.4175607 1.3980390 1.3804232 1.3615574 1.3516947 1.3649030 1.3914391 1.4042078 1.4118981 1.4158292 1.4079483 1.3939075 1.3890052 1.3940312 1.3954358 1.3874156 1.3896615 1.4048652 1.4268516 1.4488924 1.4649719 1.5060915 1.5472295 1.6065806 1.6372641 -9999.0000 -9999.0000 -9999.0000 -9999.0000 -9999.0000 -9999.0000 -9999.0000 -9999.0000 -9999.0000 -9999.0000 -9999.0000
1.4461432 1.4247260 1.4370195 1.4981366 1.5399331 1.5105549 1.4865013 1.5306375 1.5796797 1.5974910 1.5812879 1.5112039 1.4304476 1.3762934 1.3614940 1.3768178 1.4111515 1.4423034 1.4376790 1.4116752 1.3987175 1.3898869 1.3916608 1.3796108 1.3729546 1.3917768 1.4425056 1.4850459 1.4982761 1.5099585 1.5167461 1.5098288 1.5008260 1.4950964 1.4971472 1.4938438 1.4914182 1.4826912 1.4788595 1.4898331 1.5101692 1.5309375 1.5580081 1.5717692 1.6052919 1.6275490 -9999.0000 -9999.0000 -9999.0000 -9999.0000 -9999.0000 -9999.0000 -9999.0000 -9999.0000 -9999.0000 -9999.0000 -9999.0000
1.5116949 1.4857920 1.4827084 1.5129911 1.5668648 1.5613539 1.3986527 1.0907852 0.83253191 0.82271801 1.1400304 1.5967231 1.5239115 1.4410602 1.4325794 1.4331249 1.4194913 1.4254677 1.4215721 1.3907833 1.3644681 1.3632422 1.3730726 1.3744132 1.4002911 1.4562661 1.5248644 1.5607500 1.5738011 1.5778800 1.5866404 1.5931410 1.5844740 1.5714032 1.5728078 1.5713205 1.5719269 1.5663454 1.5637953 1.5658200 1.5764183 1.5862803 1.5985818 1.6087029 1.6250998 1.6391641 1.6220424 -9999.0000 -9999.0000 -9999.0000 -9999.0000 -9999.0000 -9999.0000 -9999.0000 -9999.0000 -9999.0000 -9999.0000
1.5819582 1.5376785 1.5134818 1.3512464 1.0150247 0.98078519 0.96910245 -9999.0000 -9999.0000 -9999.0000 -9999.0000 0.96555712 1.6522188 1.5821153 1.5149383 1.5017378 1.4820224 1.4575532 1.4302130 1.3924715 1.3750149 1.3755235 1.3883116 1.4112172 1.4484099 1.4994809 1.5525821 1.5898786 1.6231922 1.6628569 1.6948278 1.6959304 1.6759384 1.6331199 1.6117801 1.6128966 1.6170144 1.6138872 1.6103822 1.6103506 1.6116708 1.6189042 1.6342655 1.6453229 1.6493170 1.6416351 1.6221000 1.6232530 -9999.0000 -9999.0000 -9999.0000 -9999.0000 -9999.0000 -9999.0000 -9999.0000 -9999.0000 -9999.0000
1.6128892 1.6447209 1.5955589 -9999.0000 -9999.0000 -9999.0000 0.97113578 -9999.0000 -9999.0000 -9999.0000 -9999.0000 -9999.0000 0.39529381 1.3705957 1.6301126 1.5504622 1.5486269 1.5463537 1.5250570 1.4941295 1.4739814 1.4562672 1.4402396 1.4518477 1.4852563 1.5321597 1.5854018 1.6348855 1.6878185 1.7580403 1.7958195 1.8056604 1.7789492 1.7414214 1.6919934 1.6564320 1.6479721 1.6516934 1.6591531 1.6652157 1.6661389 1.6672589 1.6787024 1.6909696 1.6926236 1.6682915 1.6415826 1.6342186 1.6355499 1.6628071 1.7065725 -9999.0000 -9999.0000 -9999.0000 -9999.0000 -9999.0000 -9999.0000
0.73325736 1.6156515 1.7213019 1.5959256 -9999.0000 -9999.0000 -9999.0000 -9999.0000 -9999.0000 -9999.0000 -9999.0000 -9999.0000 -9999.0000 -0.021515242 1.0449758 1.6756549 1.6232745 1.6068698 1.5974508 1.5668644 1.5472741 1.5302359 1.5057539 1.4965519 1.5065874 1.5467492 1.6053403 1.6679040 1.7542978 1.0567071 -9999.0000 -9999.0000 -9999.0000 1.1670996 1.6950277 1.6995776 1.6571299 1.6630669 1.6877195 1.7049123 1.7126579 1.7166549 1.7201715 1.7235161 1.7167798 1.6896748 1.6673257 1.6404744 1.6318574 1.6324669 1.6645721 1.7071761 -9999.0000 -9999.0000 -9999.0000 -9999.0000 -9999.0000
0.14302207 0.71220751 1.1118452 1.3995315 1.5715823 -9999.0000 -9999.0000 -9999.0000 -9999.0000 -9999.0000 -9999.0000 -9999.0000 -9999.0000 -9999.0000 -0.020615228 1.1767400 1.7709785 1.6700735 1.6362542 1.6152102 1.5911047 1.5836854 1.5712913 1.5641445 1.5689421 1.6011302 1.6758424 1.7603734 -9999.0000 -9999.0000 -9999.0000 -9999.0000 -9999.0000 -9999.0000 0.54814089 1.3947137 1.7495339 1.7105961 1.7215440 1.7361000 1.7442542 1.7501502 1.7634825 1.7617359 1.7381398 1.7080245 1.6900029 1.6684040 1.6490116 1.6190449 1.6169532 1.6647631 1.7225922 1.7631047 -9999.0000 -9999.0000 -9999.0000
-9999.0000 0.032547201 -9999.0000 -9999.0000 1.3774919 1.6220752 -9999.0000 -9999.0000 -9999.0000 -9999.0000 -9999.0000 -9999.0000 -9999.0000 -9999.0000 -9999.0000 0.061926785 1.1816606 1.7755776 1.6826290 1.6458093 1.6339688 1.6224100 1.6188883 1.6316881 1.6510769 1.6985175 1.7864528 1.0274731 -9999.0000 -9999.0000 -9999.0000 -9999.0000 -9999.0000 -9999.0000 -9999.0000 -9999.0000 1.4667704 1.8212772 1.7815399 1.7682524 1.7647230 1.7735406 1.8024766 1.8063507 1.7714140 1.7260043 1.7008397 1.6872399 1.6733316 1.6420120 1.6277483 1.6524906 1.6937160 1.7424224 1.7830484 -9999.0000 -9999.0000
-9999.0000 -9999.0000 -9999.0000 -9999.0000 -9999.0000 1.5153623 1.5514214 -9999.0000 -9999.0000 -9999.0000 -9999.0000 -9999.0000 -9999.0000 -9999.0000 -9999.0000 -9999.0000 0.11497429 1.0936090 1.7742533 1.7096164 1.6909183 1.6729312 1.6608590 1.6814814 1.7302483 1.8102389 1.4729692 0.53832492 -9999.0000 -9999.0000 -9999.0000 -9999.0000 -9999.0000 -9999.0000 -9999.0000 -9999.0000 0.47389118 1.3701881 1.8564180 1.7984691 1.7802883 1.8018528 1.8257030 1.8110316 1.7754967 1.7479324 1.7372574 1.7320555 1.7176228 1.6948735 1.6815141 1.6873493 1.6953535 1.7282661 1.7814825 1.8380581 -9999.0000
-9999.0000 -9999.0000 -9999.0000 -9999.0000 -9999.0000 -9999.0000 -9999.0000 -9999.0000 -9999.0000 -9999.0000 -9999.0000 -9999.0000 -9999.0000 -9999.0000 -9999.0000 -9999.0000 -9999.0000 -9999.0000 1.1014670 1.7898485 1.7302967 1.6811280 1.6651256 1.7110427 1.7645492 1.2209947 0.69285693 -9999.0000 -9999.0000 -9999.0000 -9999.0000 -9999.0000 -9999.0000 -9999.0000 -9999.0000 -9999.0000 -9999.0000 0.20933791 0.94060160 1.6214404 1.8376688 1.8194470 1.7961434 1.7665765 1.7516621 1.7499682 1.7558669 1.7558398 1.7569858 1.7509597 1.7432461 1.7320122 1.7341542 1.7541268 1.7900092 1.8360304 1.9131151
-9999.0000 -9999.0000 -9999.0000 -9999.0000 -9999.0000 -9999.0000 -9999.0000 -9999.0000 -9999.0000 -9999.0000 -9999.0000 -9999.0000 -9999.0000 -9999.0000 -9999.0000 -9999.0000 -9999.0000 -9999.0000 -9999.0000 1.1027945 1.7563676 1.7080569 1.7097060 1.7647855 1.3741996 -9999.0000 -9999.0000 -9999.0000 -9999.0000 -9999.0000 -9999.0000 -9999.0000 -9999.0000 -9999.0000 -9999.0000 -9999.0000 -9999.0000 -9999.0000 -9999.0000 0.53715186 1.1493256 1.5828520 1.7742648 1.7426100 1.7359564 1.7374869 1.7464964 1.7555780 1.7705244 1.7750344 1.7785954 1.7784442 1.7860239 1.8015212 1.8102771 1.8354812 1.8797565
