data/glamos/distributed_mass_balance_grids/tortin/2025_ann_obs.grid
ncols        131
nrows        142
xllcorner    2589430.000000000000
yllcorner    1102910.000000000000
cellsize     10.000000000000
NODATA_value  -9999
[rows 75 to 99 of 142, columns 57 to 113 of 131]
-2.4223851 -2.3672160 -2.2898817 -2.2228610 -2.1355168 -2.0437621 -1.9842707 -1.9675265 -1.9140005 -1.8305210 -1.7300023 -1.6639177 -1.5954590 -1.5664169 -1.6167260 -9999.0000 -9999.0000 -9999.0000 -9999.0000 -9999.0000 -9999.0000 -9999.0000 -9999.0000 -9999.0000 -9999.0000 -9999.0000 -9999.0000 -9999.0000 -9999.0000 -9999.0000 -9999.0000 -9999.0000 -9999.0000 -9999.0000 -9999.0000 -9999.0000 -9999.0000 -9999.0000 -9999.0000 -9999.0000 -9999.0000 -9999.0000 -9999.0000 -9999.0000 -9999.0000 -9999.0000 -9999.0000 -9999.0000 -9999.0000 -9999.0000 -9999.0000 -9999.0000 -9999.0000 -9999.0000 -9999.0000 -9999.0000 -9999.0000
-2.4501892 -2.3655146 -2.2693098 -2.2140693 -2.1454893 -2.0897896 -2.0098398 -1.9683923 -1.9444868 -1.8917105 -1.8120272 -1.7104835 -1.6230945 -1.5298447 -1.4757928 -1.5167213 -9999.0000 -9999.0000 -9999.0000 -9999.0000 -9999.0000 -9999.0000 -9999.0000 -9999.0000 -9999.0000 -9999.0000 -9999.0000 -9999.0000 -9999.0000 -9999.0000 -9999.0000 -9999.0000 -9999.0000 -9999.0000 -9999.0000 -9999.0000 -9999.0000 -9999.0000 -9999.0000 -9999.0000 -9999.0000 -9999.0000 -9999.0000 -9999.0000 -9999.0000 -9999.0000 -9999.0000 -9999.0000 -9999.0000 -9999.0000 -9999.0000 -9999.0000 -9999.0000 -9999.0000 -9999.0000 -9999.0000 -9999.0000
-2.4685418 -2.3795120 -2.2744354 -2.2157616 -2.1437862 -2.0796980 -2.0086833 -1.9469020 -1.8999148 -1.8558631 -1.7871121 -1.6668342 -1.5422131 -1.4486877 -1.3715297 -1.3090190 -1.2732454 -1.3798792 -9999.0000 -9999.0000 -9999.0000 -9999.0000 -9999.0000 -9999.0000 -9999.0000 -9999.0000 -9999.0000 -9999.0000 -9999.0000 -9999.0000 -9999.0000 -9999.0000 -9999.0000 -9999.0000 -9999.0000 -9999.0000 -9999.0000 -9999.0000 -9999.0000 -9999.0000 -9999.0000 -9999.0000 -9999.0000 -9999.0000 -9999.0000 -9999.0000 -9999.0000 -9999.0000 -9999.0000 -9999.0000 -9999.0000 -9999.0000 -9999.0000 -9999.0000 -9999.0000 -9999.0000 -9999.0000
-2.4649345 -2.3898677 -2.3203862 -2.2220683 -2.1324803 -2.0836880 -2.0268542 -1.9523070 -1.8811270 -1.8235259 -1.7663680 -1.6821260 -1.5657336 -1.4666741 -1.3853857 -1.2724242 -1.1702487 -1.1628654 -9999.0000 -9999.0000 -9999.0000 -9999.0000 -9999.0000 -9999.0000 -9999.0000 -9999.0000 -9999.0000 -9999.0000 -9999.0000 -9999.0000 -9999.0000 -9999.0000 -9999.0000 -9999.0000 -9999.0000 -9999.0000 -9999.0000 -9999.0000 -9999.0000 -9999.0000 -9999.0000 -9999.0000 -9999.0000 -9999.0000 -9999.0000 -9999.0000 -9999.0000 -9999.0000 -9999.0000 -9999.0000 -9999.0000 -9999.0000 -9999.0000 -9999.0000 -9999.0000 -9999.0000 -9999.0000
-2.4284966 -2.3708976 -2.3279158 -2.2346859 -2.1231994 -2.0274227 -2.0026800 -1.9629256 -1.8959524 -1.8377122 -1.8092966 -1.7585793 -1.6602120 -1.5654190 -1.4439013 -1.3284577 -1.2133827 -1.1109733 -1.1624200 -9999.0000 -9999.0000 -9999.0000 -9999.0000 -9999.0000 -9999.0000 -9999.0000 -9999.0000 -9999.0000 -9999.0000 -9999.0000 -9999.0000 -9999.0000 -9999.0000 -9999.0000 -9999.0000 -9999.0000 -9999.0000 -9999.0000 -9999.0000 -9999.0000 -9999.0000 -9999.0000 -9999.0000 -9999.0000 -9999.0000 -9999.0000 -9999.0000 -9999.0000 -9999.0000 -9999.0000 -9999.0000 -9999.0000 -9999.0000 -9999.0000 -9999.0000 -9999.0000 -9999.0000
-2.4002701 -2.3581081 -2.2883979 -2.2145130 -2.1508807 -2.0686985 -1.9785912 -1.9317901 -1.9106250 -1.8563074 -1.8187483 -1.7964802 -1.7341906 -1.6496851 -1.5353042 -1.4436893 -1.3378534 -1.2200626 -1.1164289 -1.1573919 -9999.0000 -9999.0000 -9999.0000 -9999.0000 -9999.0000 -9999.0000 -9999.0000 -9999.0000 -9999.0000 -9999.0000 -9999.0000 -9999.0000 -9999.0000 -9999.0000 -9999.0000 -9999.0000 -9999.0000 -9999.0000 -9999.0000 -9999.0000 -9999.0000 -9999.0000 -9999.0000 -9999.0000 -9999.0000 -9999.0000 -9999.0000 -9999.0000 -9999.0000 -9999.0000 -9999.0000 -9999.0000 -9999.0000 -9999.0000 -9999.0000 -9999.0000 -9999.0000
-2.3639706 -2.3161142 -2.2536589 -2.2010249 -2.1375174 -2.0547260 -1.9566809 -1.8922728 -1.8749749 -1.8449496 -1.8010644 -1.7747234 -1.7295634 -1.6763886 -1.6297427 -1.5396029 -1.4523394 -1.3051054 -1.1240606 -1.0479441 -9999.0000 -9999.0000 -9999.0000 -9999.0000 -9999.0000 -9999.0000 -9999.0000 -9999.0000 -9999.0000 -9999.0000 -9999.0000 -9999.0000 -9999.0000 -9999.0000 -9999.0000 -9999.0000 -9999.0000 -9999.0000 -9999.0000 -9999.0000 -9999.0000 -9999.0000 -9999.0000 -9999.0000 -9999.0000 -9999.0000 -9999.0000 -9999.0000 -9999.0000 -9999.0000 -9999.0000 -9999.0000 -9999.0000 -9999.0000 -9999.0000 -9999.0000 -9999.0000
-2.3392365 -2.2799048 -2.2273918 -2.1737050 -2.0957767 -2.0085712 -1.9330269 -1.8710935 -1.8190330 -1.7982288 -1.7756437 -1.7515407 -1.7232131 -1.7011885 -1.6521669 -1.5888477 -1.5386493 -1.4216171 -1.2153289 -1.0595209 -1.0544790 -1.2116383 -1.3081284 -1.3413084 -9999.0000 -9999.0000 -9999.0000 -9999.0000 -9999.0000 -9999.0000 -9999.0000 -9999.0000 -9999.0000 -9999.0000 -9999.0000 -9999.0000 -9999.0000 -9999.0000 -9999.0000 -9999.0000 -9999.0000 -9999.0000 -9999.0000 -9999.0000 -9999.0000 -9999.0000 -9999.0000 -9999.0000 -9999.0000 -9999.0000 -9999.0000 -9999.0000 -9999.0000 -9999.0000 -9999.0000 -9999.0000 -9999.0000
-2.2623623 -2.2139108 -2.1518293 -2.1033665 -2.0701391 -2.0092383 -1.9169642 -1.8338666 -1.7888442 -1.7640059 -1.7377121 -1.6975876 -1.6906964 -1.6756347 -1.6394799 -1.5736672 -1.5318264 -1.4438602 -1.3065283 -1.1668947 -1.1340725 -1.2051438 -1.2746259 -1.3923512 -1.4111528 -9999.0000 -9999.0000 -9999.0000 -9999.0000 -9999.0000 -9999.0000 -9999.0000 -9999.0000 -9999.0000 -9999.0000 -9999.0000 -9999.0000 -9999.0000 -9999.0000 -9999.0000 -9999.0000 -9999.0000 -9999.0000 -9999.0000 -9999.0000 -9999.0000 -9999.0000 -9999.0000 -9999.0000 -9999.0000 -9999.0000 -9999.0000 -9999.0000 -9999.0000 -9999.0000 -9999.0000 -9999.0000
-2.1977189 -2.1536878 -2.0778581 -2.0322895 -2.0041715 -1.9497146 -1.8755472 -1.7865404 -1.7211800 -1.7160677 -1.6876731 -1.6380689 -1.5893595 -1.5716814 -1.5336537 -1.4872807 -1.4441904 -1.4190029 -1.3422936 -1.2396229 -1.1613210 -1.1305778 -1.1793733 -1.2889562 -1.3948300 -1.4295059 -9999.0000 -9999.0000 -9999.0000 -9999.0000 -9999.0000 -9999.0000 -9999.0000 -9999.0000 -9999.0000 -9999.0000 -9999.0000 -9999.0000 -9999.0000 -1.8395163 -9999.0000 -9999.0000 -9999.0000 -9999.0000 -9999.0000 -9999.0000 -9999.0000 -9999.0000 -9999.0000 -9999.0000 -9999.0000 -9999.0000 -9999.0000 -9999.0000 -9999.0000 -9999.0000 -9999.0000
-2.1036564 -2.0364399 -1.9799465 -1.9271876 -1.9048328 -1.8666055 -1.8128210 -1.7286038 -1.6370534 -1.5889186 -1.5702190 -1.5624635 -1.4977465 -1.4291124 -1.3724460 -1.3492794 -1.3289326 -1.3315482 -1.3166232 -1.2352029 -1.1433030 -1.0702073 -1.1031294 -1.1880082 -1.2571598 -1.3023399 -1.2953651 -1.3720420 -9999.0000 -9999.0000 -9999.0000 -9999.0000 -9999.0000 -0.87046041 -0.76434857 -0.67365350 -0.48220588 -0.35449550 -0.19214618 -0.065864497 -0.75455449 -1.9026668 -1.9198734 -1.6219456 -9999.0000 -9999.0000 -9999.0000 -9999.0000 -9999.0000 -9999.0000 -9999.0000 -9999.0000 -9999.0000 -9999.0000 -9999.0000 -9999.0000 -9999.0000
-1.9687397 -1.8960766 -1.8316633 -1.7743550 -1.7645807 -1.7592822 -1.7183544 -1.6398554 -1.5380643 -1.4486392 -1.3891347 -1.3897531 -1.3516854 -1.2925067 -1.2300199 -1.1907875 -1.1762148 -1.1880778 -1.2356723 -1.2385614 -1.1640434 -1.1080299 -1.1350508 -1.1701277 -1.1610370 -1.1053000 -1.0832958 -1.1819436 -1.2863114 -1.3733017 -1.3309390 -1.1936187 -1.0120707 -0.79540099 -0.66973069 -0.59447829 -0.47482095 -0.39310093 -0.36348614 -0.32454905 -0.20014861 -0.062719898 0.056628978 0.19659418 -0.64525696 -9999.0000 -9999.0000 -9999.0000 -9999.0000 -9999.0000 -9999.0000 -9999.0000 -9999.0000 -9999.0000 -9999.0000 -9999.0000 -9999.0000
-1.8091194 -1.7302560 -1.6538474 -1.6062061 -1.5694438 -1.5642284 -1.5379282 -1.4919324 -1.4296817 -1.3146451 -1.2231246 -1.1698844 -1.1228545 -1.0629844 -1.0295832 -1.0142411 -0.99612856 -1.0401688 -1.1191230 -1.1774524 -1.1872409 -1.1870054 -1.2036877 -1.2089169 -1.1605074 -1.1147254 -1.0751776 -1.0999183 -1.1013796 -1.1619165 -1.1478977 -1.1027358 -0.99349047 -0.79807179 -0.66741577 -0.57805537 -0.50014205 -0.44524153 -0.44297741 -0.48011025 -0.44195518 -0.26318952 -0.035369206 0.081531088 -9999.0000 -9999.0000 -9999.0000 -9999.0000 -9999.0000 -9999.0000 -9999.0000 -9999.0000 -9999.0000 -9999.0000 -9999.0000 -9999.0000 -9999.0000
-1.5895157 -1.4878697 -1.4199955 -1.3754677 -1.3421372 -1.3245349 -1.3202023 -1.3100492 -1.2585066 -1.1820565 -1.0536618 -0.95159259 -0.88607751 -0.84456143 -0.83347826 -0.84913865 -0.87801095 -0.95164306 -1.0182496 -1.1114803 -1.1621405 -1.1983673 -1.2342901 -1.2277769 -1.2111908 -1.1733499 -1.1422943 -1.1200700 -1.1156769 -1.0945394 -1.0895910 -1.0745132 -1.0274521 -0.91642628 -0.81605963 -0.71060298 -0.60052087 -0.51793908 -0.47027310 -0.49262682 -0.49560577 -0.35907292 -0.18059350 -0.032404569 -9999.0000 -9999.0000 -9999.0000 -9999.0000 -9999.0000 -9999.0000 -9999.0000 -9999.0000 -9999.0000 -9999.0000 -9999.0000 -9999.0000 -9999.0000
-1.2941366 -1.1713478 -1.1073027 -1.0956703 -1.0839016 -1.0663388 -1.0998400 -1.1188607 -1.1065035 -1.0480926 -0.93482131 -0.83274376 -0.79095083 -0.79566380 -0.81335798 -0.83742469 -0.88573056 -0.95730262 -1.0277184 -1.1135137 -1.1440030 -1.1856992 -1.2267118 -1.2447341 -1.2456242 -1.2275818 -1.2083563 -1.1780511 -1.1716439 -1.1454983 -1.1440801 -1.1336060 -1.1014170 -1.0445607 -0.96674741 -0.88292726 -0.75957365 -0.65966092 -0.62703160 -0.58579393 -0.46217242 -0.31788356 -0.15749892 0.023742093 -0.14690354 -9999.0000 -9999.0000 -9999.0000 -9999.0000 -9999.0000 -9999.0000 -9999.0000 -9999.0000 -9999.0000 -9999.0000 -9999.0000 -9999.0000
-0.95904167 -0.82162909 -0.79264247 -0.84705146 -0.88504867 -0.90861940 -0.93256836 -0.97214477 -0.97202013 -0.94038765 -0.89363073 -0.82484869 -0.79516327 -0.82146335 -0.87540440 -0.91499524 -0.94820834 -1.0104227 -1.0621276 -1.1279423 -1.1518796 -1.1891396 -1.2010678 -1.2082258 -1.2307326 -1.2665742 -1.2742390 -1.2419566 -1.1908974 -1.1866394 -1.1983808 -1.1951674 -1.1450854 -1.1096495 -1.0413650 -0.94776114 -0.82486555 -0.73757950 -0.68310197 -0.62487984 -0.48331534 -0.27868389 -0.037430267 0.10572308 0.20487869 -9999.0000 -9999.0000 -9999.0000 -9999.0000 -9999.0000 -9999.0000 -9999.0000 -9999.0000 -9999.0000 -9999.0000 -9999.0000 -9999.0000
-0.78430702 -0.86479835 -0.67523076 -0.72228053 -0.79877305 -0.82384740 -0.84412624 -0.88261590 -0.90230455 -0.90185074 -0.87921443 -0.87401439 -0.84821915 -0.86477168 -0.91934081 -0.96874134 -1.0205866 -1.0576975 -1.1182029 -1.1694344 -1.2194651 -1.2622680 -1.2382707 -1.2232375 -1.2412582 -1.2706634 -1.2743438 -1.2557588 -1.2318833 -1.2233054 -1.2116692 -1.2053913 -1.1633638 -1.0938919 -1.0100222 -0.92145265 -0.81417826 -0.70172666 -0.61733944 -0.51340807 -0.42747624 -0.27777856 -0.023542457 0.10019244 0.22428925 -9999.0000 -9999.0000 -9999.0000 -9999.0000 -9999.0000 -9999.0000 -9999.0000 -9999.0000 -9999.0000 -9999.0000 -9999.0000 -9999.0000
-9999.0000 -9999.0000 -9999.0000 -9999.0000 -0.73979439 -0.75387714 -0.77584223 -0.82326374 -0.86426728 -0.88492213 -0.88720832 -0.89692001 -0.90863874 -0.92847749 -0.97715072 -1.0226331 -1.0847733 -1.1409471 -1.2150687 -1.2318341 -1.2919457 -1.3272573 -1.3344422 -1.3155231 -1.2805519 -1.2429550 -1.2254005 -1.2340736 -1.2301527 -1.2342698 -1.2043213 -1.1951145 -1.1539297 -1.0839567 -1.0019035 -0.95086025 -0.86985476 -0.74079599 -0.60290828 -0.44608229 -0.33922152 -0.27174610 -0.11272342 0.076696187 0.20816256 -9999.0000 -9999.0000 -9999.0000 -9999.0000 -9999.0000 -9999.0000 -9999.0000 -9999.0000 -9999.0000 -9999.0000 -9999.0000 -9999.0000
-9999.0000 -9999.0000 -9999.0000 -9999.0000 -9999.0000 -0.76648092 -0.77560416 -0.80346681 -0.84422813 -0.88603994 -0.90318940 -0.91973487 -0.94606000 -0.97979187 -1.0006941 -1.0626253 -1.1319063 -1.2246137 -1.2963320 -1.3234098 -1.3427420 -1.3628085 -1.3781826 -1.3612216 -1.3279108 -1.2734845 -1.2295070 -1.2259188 -1.2262989 -1.2397724 -1.2359732 -1.1934659 -1.1320269 -1.0964856 -1.0295605 -0.99190734 -0.94594710 -0.82295501 -0.68170111 -0.51537528 -0.36548564 -0.28451289 -0.18139050 0.034785172 0.20903618 -0.73388058 -9999.0000 -9999.0000 -9999.0000 -9999.0000 -9999.0000 -9999.0000 -9999.0000 -9999.0000 -9999.0000 -9999.0000 -9999.0000
-9999.0000 -9999.0000 -9999.0000 -9999.0000 -9999.0000 -0.89193028 -0.86882407 -0.82688535 -0.84624633 -0.87435796 -0.89628998 -0.92917698 -0.95802333 -0.99867624 -1.0239363 -1.0687819 -1.1670041 -1.2965625 -1.3713710 -1.3820914 -1.3602837 -1.3647153 -1.3780799 -1.3794990 -1.3512811 -1.3309902 -1.3019327 -1.2706726 -1.2757988 -1.2695996 -1.2513763 -1.2076067 -1.1298088 -1.0727249 -1.0417923 -1.0125563 -0.94571950 -0.87712031 -0.74963228 -0.65124241 -0.50755250 -0.37072864 -0.23645982 -0.014122550 0.16478788 -0.37378674 -9999.0000 -9999.0000 -9999.0000 -9999.0000 -9999.0000 -9999.0000 -9999.0000 -9999.0000 -9999.0000 -9999.0000 -9999.0000
-9999.0000 -9999.0000 -9999.0000 -1.1943437 -1.1479076 -1.0925765 -1.0256611 -0.94521285 -0.89817784 -0.89177340 -0.91383953 -0.94206092 -0.99244570 -1.0574895 -1.1053380 -1.1425782 -1.2091768 -1.2799037 -1.2994589 -1.3198837 -1.3313598 -1.3539037 -1.3830553 -1.4218747 -1.4078395 -1.3892038 -1.3564021 -1.3317883 -1.3212313 -1.2894933 -1.2388156 -1.1663350 -1.0779537 -1.0365637 -0.97463007 -0.93798554 -0.87903176 -0.85020653 -0.78089798 -0.70328187 -0.61926351 -0.51331442 -0.30140991 -0.057021476 0.087809540 0.19610540 -9999.0000 -9999.0000 -9999.0000 -9999.0000 -9999.0000 -9999.0000 -9999.0000 -9999.0000 -9999.0000 -9999.0000 -9999.0000
-1.0462390 -1.1106246 -1.1748821 -1.2321237 -1.2784438 -1.2439430 -1.1901462 -1.1493567 -1.0797611 -1.0337500 -1.0210675 -1.0544930 -1.1111523 -1.1878338 -1.2437094 -1.2300243 -1.1467721 -1.0525262 -1.0334941 -1.0790467 -1.1455038 -1.2363034 -1.3208877 -1.4089219 -1.4552526 -1.4498972 -1.3845982 -1.3357716 -1.3003762 -1.2417123 -1.1667371 -1.0629074 -0.98935151 -0.91875691 -0.87574849 -0.82100617 -0.79260859 -0.75120777 -0.72948078 -0.69269892 -0.63703657 -0.53616534 -0.34144438 -0.10765798 0.079669227 0.19603417 -0.17153717 -9999.0000 -9999.0000 -9999.0000 -9999.0000 -9999.0000 -9999.0000 -9999.0000 -9999.0000 -9999.0000 -9999.0000
-1.1099150 -1.1336415 -1.1954811 -1.2919304 -1.3722128 -1.3957229 -1.3237286 -1.2917135 -1.2682766 -1.2177892 -1.1667322 -1.1784274 -1.2251880 -1.2913181 -1.3306798 -1.2735517 -1.0847826 -0.85683841 -0.75547258 -0.78049735 -0.86857228 -0.96707764 -1.0755583 -1.2075061 -1.3386254 -1.3937409 -1.3813815 -1.2951584 -1.1746285 -1.0587004 -0.96117854 -0.84011946 -0.77178415 -0.74396226 -0.73130463 -0.71617377 -0.66623641 -0.63105340 -0.60852368 -0.63536176 -0.61617326 -0.50333547 -0.33507189 -0.13786630 0.060407000 0.19686000 0.30275874 -9999.0000 -9999.0000 -9999.0000 -9999.0000 -9999.0000 -9999.0000 -9999.0000 -9999.0000 -9999.0000 -9999.0000
-1.1351788 -1.1654599 -1.2504042 -1.3034038 -1.3568388 -1.4133864 -1.4150653 -1.3716365 -1.3555001 -1.3352059 -1.3040529 -1.2761212 -1.2868597 -1.3184196 -1.3468330 -1.3204017 -1.1493704 -0.90427411 -0.68224369 -0.63141554 -0.64647615 -0.67445743 -0.76803735 -0.90565164 -1.0426583 -1.1832203 -1.2405082 -1.1478599 -0.95125801 -0.76528266 -0.63731227 -0.55456937 -0.51445189 -0.50835948 -0.52225022 -0.49536912 -0.46454417 -0.46251512 -0.50157431 -0.53707765 -0.49011042 -0.35662365 -0.22661329 -0.12107724 -0.013053075 0.080068956 0.21990156 0.31510830 0.37053649 -9999.0000 -9999.0000 -9999.0000 -9999.0000 -9999.0000 -9999.0000 -9999.0000 -9999.0000
-1.1782727 -1.2574017 -1.3085967 -1.3281210 -1.3384349 -1.3897849 -1.4186025 -1.4310118 -1.4268512 -1.4053570 -1.3952442 -1.3719070 -1.3651447 -1.3508953 -1.3324738 -1.3009064 -1.2127679 -0.97443662 -0.71753102 -0.58356615 -0.52982794 -0.52802106 -0.55079698 -0.62157825 -0.73053586 -0.80623852 -0.80498431 -0.71970170 -0.57087605 -0.44466028 -0.39009765 -0.37702935 -0.34458799 -0.30834159 -0.29561792 -0.30141672 -0.30056826 -0.30414430 -0.29936528 -0.24128596 -0.12276801 -0.0030164633 -9999.0000 -9999.0000 -9999.0000 -9999.0000 0.15522026 0.35360932 0.49955202 -9999.0000 -9999.0000 -9999.0000 -9999.0000 -9999.0000 -9999.0000 -9999.0000 -9999.0000
