data/glamos/distributed_mass_balance_grids/chessjen/2025_win_fix.grid
ncols        92
nrows        134
xllcorner    2636610.000000000000
yllcorner    1101340.000000000000
cellsize     10.000000000000
NODATA_value  -9999
[rows 78 to 103 of 134, columns 0 to 56 of 92]
-9999.0000 -9999.0000 -9999.0000 -9999.0000 -9999.0000 -9999.0000 -9999.0000 -9999.0000 -9999.0000 -9999.0000 -9999.0000 -9999.0000 -9999.0000 -9999.0000 -9999.0000 -9999.0000 -9999.0000 -9999.0000 -9999.0000 -9999.0000 -9999.0000 -9999.0000 -9999.0000 -9999.0000 -9999.0000 -9999.0000 -9999.0000 -9999.0000 1.2793827 1.2852441 1.3120735 1.3233274 1.3069480 1.2889748 1.2861003 1.2893680 1.2862314 1.2808306 -9999.0000 -9999.0000 -9999.0000 -9999.0000 -9999.0000 -9999.0000 -9999.0000 1.1807063 1.1733794 1.1493160 1.1547979 1.1604048 1.1540142 1.1420041 1.1358762 1.1331674 1.1339305 1.1494276 1.1658812
-9999.0000 -9999.0000 -9999.0000 -9999.0000 -9999.0000 -9999.0000 -9999.0000 -9999.0000 -9999.0000 -9999.0000 -9999.0000 -9999.0000 -9999.0000 -9999.0000 -9999.0000 -9999.0000 -9999.0000 -9999.0000 -9999.0000 -9999.0000 -9999.0000 -9999.0000 -9999.0000 -9999.0000 -9999.0000 -9999.0000 -9999.0000 -9999.0000 1.2755788 1.3012325 1.3197001 1.3130463 1.2931792 1.2774335 1.2745707 1.2714114 1.2673927 1.2634916 1.2628934 -9999.0000 -9999.0000 -9999.0000 -9999.0000 -9999.0000 -9999.0000 -9999.0000 1.1812939 1.1635869 1.1782788 1.1844285 1.1798143 1.1654707 1.1591272 1.1587625 1.1593524 1.1692178 1.1790249
-9999.0000 -9999.0000 -9999.0000 -9999.0000 -9999.0000 -9999.0000 -9999.0000 -9999.0000 -9999.0000 -9999.0000 -9999.0000 -9999.0000 -9999.0000 -9999.0000 -9999.0000 -9999.0000 -9999.0000 -9999.0000 -9999.0000 -9999.0000 -9999.0000 -9999.0000 -9999.0000 -9999.0000 -9999.0000 -9999.0000 -9999.0000 1.3043376 1.2811618 1.3097030 1.3147296 1.2998796 1.2809955 1.2707468 1.2708397 1.2687115 1.2645477 1.2597639 1.2599251 1.2600401 1.2577455 1.2532164 1.2444264 1.2339982 1.2239878 1.2105293 1.2007045 1.1989865 1.2100014 1.2102109 1.2002534 1.1872845 1.1772060 1.1764900 1.1783559 1.1874269 1.1909537
-9999.0000 -9999.0000 -9999.0000 -9999.0000 -9999.0000 -9999.0000 -9999.0000 -9999.0000 -9999.0000 -9999.0000 -9999.0000 -9999.0000 -9999.0000 -9999.0000 -9999.0000 -9999.0000 -9999.0000 -9999.0000 -9999.0000 -9999.0000 -9999.0000 -9999.0000 -9999.0000 -9999.0000 -9999.0000 -9999.0000 -9999.0000 1.3040874 1.2898154 1.3129621 1.3094868 1.2918163 1.2734842 1.2661163 1.2669691 1.2656623 1.2646156 1.2652875 1.2627883 1.2607135 1.2581074 1.2550861 1.2491221 1.2410406 1.2323984 1.2223544 1.2227540 1.2361957 1.2397644 1.2363431 1.2276526 1.2186707 1.2046125 1.1979287 1.1999147 1.2061281 1.2037460
-9999.0000 -9999.0000 -9999.0000 -9999.0000 -9999.0000 -9999.0000 -9999.0000 -9999.0000 -9999.0000 -9999.0000 -9999.0000 -9999.0000 -9999.0000 -9999.0000 -9999.0000 -9999.0000 -9999.0000 -9999.0000 -9999.0000 -9999.0000 -9999.0000 -9999.0000 -9999.0000 -9999.0000 -9999.0000 -9999.0000 -9999.0000 1.3060875 1.2981855 1.3094307 1.3020203 1.2848087 1.2692222 1.2672453 1.2712536 1.2709218 1.2710245 1.2748101 1.2744861 1.2706592 1.2648735 1.2628290 1.2642441 1.2586209 1.2514292 1.2405252 1.2438700 1.2586751 1.2602819 1.2595696 1.2527026 1.2437544 1.2260906 1.2122251 1.2097242 1.2160387 1.2116620
-9999.0000 -9999.0000 -9999.0000 -9999.0000 -9999.0000 -9999.0000 -9999.0000 -9999.0000 -9999.0000 -9999.0000 -9999.0000 -9999.0000 -9999.0000 -9999.0000 -9999.0000 -9999.0000 -9999.0000 -9999.0000 -9999.0000 -9999.0000 -9999.0000 -9999.0000 -9999.0000 -9999.0000 -9999.0000 -9999.0000 -9999.0000 1.3142877 1.3076062 1.3026829 1.2907753 1.2789407 1.2701696 1.2709029 1.2754231 1.2788809 1.2811879 1.2861056 1.2872972 1.2854905 1.2786860 1.2785274 1.2818593 1.2797514 1.2765951 1.2676216 1.2655336 1.2641455 1.2678908 1.2711480 1.2666547 1.2515178 1.2400499 1.2254473 1.2154868 1.2187682 1.2102722
-9999.0000 -9999.0000 -9999.0000 -9999.0000 -9999.0000 -9999.0000 -9999.0000 -9999.0000 -9999.0000 -9999.0000 -9999.0000 -9999.0000 -9999.0000 -9999.0000 -9999.0000 -9999.0000 -9999.0000 -9999.0000 -9999.0000 -9999.0000 -9999.0000 -9999.0000 -9999.0000 -9999.0000 -9999.0000 -9999.0000 1.3275658 1.3189568 1.3115306 1.3014780 1.2847857 1.2775971 1.2741745 1.2803771 1.2882919 1.2954187 1.2984354 1.3012174 1.3019434 1.3016967 1.2994191 1.2984039 1.3009574 1.2978041 1.3015022 1.3001930 1.2992854 1.2907466 1.2785559 1.2714568 1.2611228 1.2463326 1.2483592 1.2344628 1.2214996 1.2230625 1.2202431
-9999.0000 -9999.0000 -9999.0000 -9999.0000 -9999.0000 -9999.0000 -9999.0000 -9999.0000 -9999.0000 -9999.0000 -9999.0000 -9999.0000 -9999.0000 -9999.0000 -9999.0000 -9999.0000 -9999.0000 -9999.0000 -9999.0000 -9999.0000 -9999.0000 -9999.0000 -9999.0000 -9999.0000 -9999.0000 1.3422190 1.3357629 1.3307245 1.3287346 1.3140665 1.2912668 1.2824541 1.2835688 1.2938427 1.3001462 1.3093142 1.3139866 1.3172371 1.3179085 1.3199742 1.3216111 1.3204557 1.3159698 1.3116026 1.3202289 1.3264326 1.3295054 1.3155114 1.2951842 1.2806728 1.2700764 1.2602315 1.2638601 1.2539548 1.2494652 1.2465579 1.2421405
-9999.0000 -9999.0000 -9999.0000 -9999.0000 -9999.0000 -9999.0000 -9999.0000 -9999.0000 -9999.0000 -9999.0000 -9999.0000 -9999.0000 -9999.0000 -9999.0000 -9999.0000 -9999.0000 -9999.0000 -9999.0000 -9999.0000 -9999.0000 -9999.0000 -9999.0000 -9999.0000 -9999.0000 1.3354111 1.3364714 1.3355345 1.3449972 1.3462766 1.3351595 1.3186786 1.3101023 1.3076147 1.3151809 1.3198528 1.3238221 1.3263942 1.3280642 1.3324993 1.3369704 1.3407882 1.3381259 1.3319469 1.3240781 1.3304770 1.3413742 1.3499516 1.3387287 1.3201102 1.3051932 1.2927464 1.2830241 1.2765337 1.2727076 1.2749869 1.2731849 1.2635831
-9999.0000 -9999.0000 -9999.0000 -9999.0000 -9999.0000 -9999.0000 -9999.0000 -9999.0000 -9999.0000 -9999.0000 -9999.0000 -9999.0000 -9999.0000 -9999.0000 -9999.0000 -9999.0000 -9999.0000 -9999.0000 -9999.0000 -9999.0000 -9999.0000 -9999.0000 1.3059707 1.3339743 1.3430000 1.3374252 1.3535682 1.3621871 1.3582477 1.3472152 1.3413842 1.3410291 1.3364508 1.3353201 1.3359499 1.3385686 1.3410277 1.3406358 1.3448467 1.3513554 1.3573089 1.3554739 1.3476827 1.3431841 1.3464742 1.3598750 1.3625766 1.3511422 1.3407181 1.3344505 1.3261969 1.3118038 1.2941772 1.2880196 1.2906613 1.2855987 1.2774766
-9999.0000 -9999.0000 -9999.0000 -9999.0000 -9999.0000 -9999.0000 -9999.0000 -9999.0000 -9999.0000 -9999.0000 -9999.0000 -9999.0000 -9999.0000 -9999.0000 -9999.0000 -9999.0000 -9999.0000 -9999.0000 -9999.0000 -9999.0000 -9999.0000 -9999.0000 1.3562050 1.3444861 1.3693212 1.3764929 1.3880270 1.3837618 1.3703089 1.3604050 1.3605738 1.3660040 1.3636607 1.3568076 1.3557528 1.3573269 1.3599810 1.3594062 1.3613693 1.3644266 1.3677642 1.3670295 1.3637598 1.3625255 1.3636553 1.3799438 1.3792222 1.3725578 1.3674751 1.3682490 1.3633099 1.3530042 1.3359249 1.3219289 1.3091858 1.3015116 1.2987829
-9999.0000 -9999.0000 -9999.0000 -9999.0000 -9999.0000 -9999.0000 -9999.0000 -9999.0000 -9999.0000 -9999.0000 -9999.0000 -9999.0000 -9999.0000 -9999.0000 -9999.0000 -9999.0000 -9999.0000 -9999.0000 -9999.0000 -9999.0000 -9999.0000 1.4010772 1.4072932 1.3772478 1.4091999 1.4165829 1.4192118 1.3994401 1.3809166 1.3684172 1.3673484 1.3779224 1.3808612 1.3742657 1.3721670 1.3784893 1.3817145 1.3796694 1.3787412 1.3760368 1.3750771 1.3720823 1.3712400 1.3746847 1.3801769 1.3987090 1.4004812 1.3940171 1.3859434 1.3872317 1.3899309 1.3864768 1.3718974 1.3553243 1.3390476 1.3357208 1.3428546
-9999.0000 -9999.0000 -9999.0000 -9999.0000 -9999.0000 -9999.0000 -9999.0000 -9999.0000 -9999.0000 -9999.0000 -9999.0000 -9999.0000 -9999.0000 -9999.0000 -9999.0000 -9999.0000 -9999.0000 -9999.0000 -9999.0000 -9999.0000 -9999.0000 1.4457130 1.4295466 1.4116655 1.4337272 1.4399086 1.4292876 1.4142617 1.4027602 1.3908377 1.3830341 1.3881638 1.3913854 1.3884769 1.3811725 1.3865514 1.3989206 1.4045179 1.3998497 1.3896741 1.3823207 1.3784572 1.3782517 1.3812348 1.3849710 1.4014415 1.4090378 1.4136330 1.4064559 1.4051449 1.4099271 1.4167703 1.4135270 1.3963806 1.3768896 1.3727472 1.3693264
-9999.0000 -9999.0000 -9999.0000 -9999.0000 -9999.0000 -9999.0000 -9999.0000 -9999.0000 -9999.0000 -9999.0000 -9999.0000 -9999.0000 -9999.0000 -9999.0000 -9999.0000 -9999.0000 -9999.0000 -9999.0000 -9999.0000 -9999.0000 1.4781509 1.4724947 1.4675825 1.4615178 1.4515417 1.4466166 1.4372008 1.4265723 1.4162763 1.4046091 1.3933712 1.3928876 1.3961662 1.3992356 1.3957137 1.3914622 1.3995842 1.4135953 1.4189981 1.4120889 1.4003996 1.3948303 1.3918662 1.3925356 1.3874470 1.3996338 1.4129798 1.4237953 1.4167066 1.4138943 1.4220183 1.4314490 1.4329724 1.4185035 1.4030466 1.3993252 1.3913008
-9999.0000 -9999.0000 -9999.0000 -9999.0000 -9999.0000 -9999.0000 -9999.0000 -9999.0000 -9999.0000 -9999.0000 -9999.0000 -9999.0000 -9999.0000 -9999.0000 -9999.0000 -9999.0000 -9999.0000 -9999.0000 -9999.0000 1.4787210 1.4942950 1.4970775 1.4976164 1.4916431 1.4716534 1.4630425 1.4530592 1.4394341 1.4271371 1.4146567 1.4043539 1.3979809 1.4001238 1.4052298 1.4086285 1.4054445 1.4047003 1.4153076 1.4221917 1.4278195 1.4243233 1.4187823 1.4103465 1.4075082 1.3991265 1.4045298 1.4205628 1.4306876 1.4274972 1.4280961 1.4473959 1.4610587 1.4659640 1.4548817 1.4451095 1.4241308 1.4035967
-9999.0000 -9999.0000 -9999.0000 -9999.0000 -9999.0000 -9999.0000 -9999.0000 -9999.0000 -9999.0000 -9999.0000 -9999.0000 -9999.0000 -9999.0000 -9999.0000 -9999.0000 -9999.0000 -9999.0000 -9999.0000 -9999.0000 1.4861754 1.5064182 1.5044372 1.5147372 1.5105856 1.5004453 1.4939252 1.4782830 1.4570899 1.4374304 1.4239799 1.4146312 1.4039163 1.4049629 1.4119176 1.4215014 1.4252697 1.4188806 1.4190830 1.4226275 1.4309648 1.4379249 1.4401628 1.4350658 1.4248111 1.4118329 1.4128263 1.4283242 1.4396020 1.4426190 1.4440720 1.4642561 1.4800937 1.4889345 1.4944333 1.4926415 1.4758607 1.4461734
-9999.0000 -9999.0000 -9999.0000 -9999.0000 -9999.0000 -9999.0000 -9999.0000 -9999.0000 -9999.0000 -9999.0000 -9999.0000 -9999.0000 -9999.0000 -9999.0000 -9999.0000 -9999.0000 -9999.0000 -9999.0000 -9999.0000 1.4812680 1.5164014 1.5266010 1.5348791 1.5354571 1.5244037 1.5212475 1.5016451 1.4802027 1.4613887 1.4490742 1.4344922 1.4170043 1.4153265 1.4288467 1.4410018 1.4482028 1.4404161 1.4333290 1.4326088 1.4382410 1.4439548 1.4512294 1.4576576 1.4520807 1.4390031 1.4345501 1.4465839 1.4580283 1.4650783 1.4629768 1.4776207 1.4936141 1.5123228 1.5335970 1.5420646 1.5324770 1.4850127
-9999.0000 -9999.0000 -9999.0000 -9999.0000 -9999.0000 -9999.0000 -9999.0000 -9999.0000 -9999.0000 -9999.0000 -9999.0000 -9999.0000 -9999.0000 -9999.0000 -9999.0000 -9999.0000 -9999.0000 -9999.0000 -9999.0000 1.4589398 1.5359414 1.5568599 1.5644187 1.5600111 1.5428672 1.5412778 1.5293685 1.5120787 1.4950630 1.4835182 1.4663707 1.4453249 1.4381000 1.4539093 1.4661505 1.4697693 1.4608975 1.4535520 1.4546212 1.4598473 1.4606695 1.4661163 1.4766838 1.4850614 1.4805906 1.4798855 1.4858077 1.4907988 1.4983331 1.5000358 1.5023753 1.5168279 1.5390287 1.5712698 1.5921517 1.5760949 1.5090281
-9999.0000 -9999.0000 -9999.0000 -9999.0000 -9999.0000 -9999.0000 -9999.0000 -9999.0000 -9999.0000 -9999.0000 -9999.0000 -9999.0000 -9999.0000 -9999.0000 -9999.0000 -9999.0000 -9999.0000 -9999.0000 -9999.0000 1.4811990 1.5687909 1.6066701 1.5979819 1.5820512 1.5584190 1.5554937 1.5536254 1.5421866 1.5277811 1.5192025 1.5059237 1.4892130 1.4784527 1.4874137 1.4930112 1.4891650 1.4810990 1.4785678 1.4841937 1.4929476 1.4962038 1.5012585 1.5078131 1.5199813 1.5254351 1.5295040 1.5386103 1.5373961 1.5458931 1.5497926 1.5470462 1.5538552 1.5897228 1.6404187 1.4465893 -9999.0000 -9999.0000
-9999.0000 -9999.0000 -9999.0000 -9999.0000 -9999.0000 -9999.0000 -9999.0000 -9999.0000 -9999.0000 -9999.0000 -9999.0000 -9999.0000 -9999.0000 -9999.0000 -9999.0000 -9999.0000 -9999.0000 -9999.0000 -9999.0000 1.5329143 1.6193099 1.6418965 1.6199208 1.5944764 1.5757325 1.5688401 1.5693184 1.5630451 1.5539510 1.5530342 1.5497532 1.5374738 1.5167903 1.5153209 1.5157653 1.5088764 1.5039809 1.5060871 1.5153671 1.5267057 1.5348374 1.5389254 1.5386374 1.5458901 1.5602416 1.5634634 1.5760539 1.5763725 1.5922957 1.6044382 1.6032711 1.6119621 1.6472708 1.5263673 -9999.0000 -9999.0000 -9999.0000
-9999.0000 -9999.0000 -9999.0000 -9999.0000 -9999.0000 -9999.0000 -9999.0000 -9999.0000 -9999.0000 -9999.0000 -9999.0000 -9999.0000 -9999.0000 -9999.0000 -9999.0000 -9999.0000 -9999.0000 -9999.0000 -9999.0000 1.5979054 1.6653483 1.6666686 1.6370708 1.6130231 1.5964802 1.5868355 1.5888293 1.5906191 1.5874710 1.5892594 1.5897168 1.5813849 1.5522179 1.5362424 1.5337586 1.5311209 1.5335999 1.5374144 1.5467494 1.5562346 1.5672097 1.5727207 1.5683985 1.5655697 1.5843083 1.6044664 1.6211868 1.6220284 1.6452847 1.6642443 1.6683574 1.6809502 1.5148767 0.93810460 -9999.0000 -9999.0000 -9999.0000
-9999.0000 -9999.0000 -9999.0000 -9999.0000 -9999.0000 -9999.0000 -9999.0000 -9999.0000 -9999.0000 -9999.0000 -9999.0000 -9999.0000 -9999.0000 -9999.0000 -9999.0000 -9999.0000 -9999.0000 -9999.0000 -9999.0000 1.5897209 1.6660042 1.6780273 1.6616882 1.6379206 1.6179039 1.6076022 1.6108137 1.6194948 1.6221529 1.6252772 1.6222888 1.6101791 1.5795806 1.5517588 1.5507066 1.5558148 1.5627347 1.5666711 1.5719421 1.5813875 1.5944534 1.5998295 1.5878785 1.5748733 1.5993304 1.6444235 1.6608891 1.6670703 1.6889453 1.7009538 1.6905390 1.5447242 1.0541617 -9999.0000 -9999.0000 -9999.0000 -9999.0000
-9999.0000 -9999.0000 -9999.0000 -9999.0000 -9999.0000 -9999.0000 -9999.0000 -9999.0000 -9999.0000 -9999.0000 -9999.0000 -9999.0000 -9999.0000 -9999.0000 -9999.0000 -9999.0000 -9999.0000 -9999.0000 -9999.0000 -9999.0000 1.6574223 1.6831468 1.6828174 1.6625927 1.6393542 1.6282771 1.6315636 1.6459496 1.6573086 1.6620735 1.6503867 1.6335914 1.6054864 1.5764421 1.5791191 1.5912399 1.5948316 1.5931296 1.5900743 1.6007867 1.6152230 1.6198510 1.6110596 1.6116377 1.6387986 1.6907673 1.4323926 1.2866072 1.2126191 1.1692463 1.1189128 0.94085751 -9999.0000 -9999.0000 -9999.0000 -9999.0000 -9999.0000
-9999.0000 -9999.0000 -9999.0000 -9999.0000 -9999.0000 -9999.0000 -9999.0000 -9999.0000 -9999.0000 -9999.0000 -9999.0000 -9999.0000 -9999.0000 -9999.0000 -9999.0000 -9999.0000 -9999.0000 -9999.0000 -9999.0000 -9999.0000 1.6378212 1.6832735 1.6908123 1.6764243 1.6613209 1.6519014 1.6498059 1.6636184 1.6768019 1.6776286 1.6665952 1.6504303 1.6335932 1.6107360 1.6101138 1.6221877 1.6248867 1.6194837 1.6133954 1.6192566 1.6301229 1.6400919 1.6540548 1.6833316 1.7096186 -9999.0000 -9999.0000 -9999.0000 -9999.0000 0.78150951 0.76125909 -9999.0000 -9999.0000 -9999.0000 -9999.0000 -9999.0000 -9999.0000
-9999.0000 -9999.0000 -9999.0000 -9999.0000 -9999.0000 -9999.0000 -9999.0000 -9999.0000 -9999.0000 -9999.0000 -9999.0000 -9999.0000 -9999.0000 -9999.0000 -9999.0000 -9999.0000 -9999.0000 -9999.0000 -9999.0000 -9999.0000 1.6143189 1.6838045 1.6914556 1.6902302 1.6851839 1.6841332 1.6801410 1.6907116 1.7003634 1.6953116 1.6890529 1.6708153 1.6668779 1.6641970 1.6658958 1.6727367 1.6707860 1.6650914 1.6521334 1.6463250 1.6602822 1.6818189 1.7163513 1.7464005 1.7472800 -9999.0000 -9999.0000 -9999.0000 -9999.0000 -9999.0000 -9999.0000 -9999.0000 -9999.0000 -9999.0000 -9999.0000 -9999.0000 -9999.0000
-9999.0000 -9999.0000 -9999.0000 -9999.0000 -9999.0000 -9999.0000 -9999.0000 -9999.0000 -9999.0000 -9999.0000 -9999.0000 -9999.0000 -9999.0000 -9999.0000 -9999.0000 -9999.0000 -9999.0000 -9999.0000 -9999.0000 -9999.0000 1.5744028 1.6556289 1.6836412 1.7055661 1.7047892 1.7079606 1.7076541 1.7115621 1.7207778 1.7206707 1.7156440 1.6947312 1.6955583 1.7023939 1.7091863 1.7082635 1.7006692 1.6920084 1.6850169 1.6886292 1.7006399 1.7299723 1.7718783 1.8096390 1.3972658 -9999.0000 -9999.0000 -9999.0000 -9999.0000 -9999.0000 -9999.0000 -9999.0000 -9999.0000 -9999.0000 -9999.0000 -9999.0000 -9999.0000
