data/glamos/distributed_mass_balance_grids/chessjen/2025_ann_fix.grid
ncols        92
nrows        134
xllcorner    2636610.000000000000
yllcorner    1101340.000000000000
cellsize     10.000000000000
NODATA_value  -9999
[rows 75 to 99 of 134, columns 0 to 56 of 92]
-9999.0000 -9999.0000 -9999.0000 -9999.0000 -9999.0000 -9999.0000 -9999.0000 -9999.0000 -9999.0000 -9999.0000 -9999.0000 -9999.0000 -9999.0000 -9999.0000 -9999.0000 -9999.0000 -9999.0000 -9999.0000 -9999.0000 -9999.0000 -9999.0000 -9999.0000 -9999.0000 -9999.0000 -9999.0000 -9999.0000 -9999.0000 -9999.0000 -9999.0000 -9999.0000 -1.8595069 -1.8366740 -1.8114159 -1.8432342 -1.9382270 -2.0390487 -1.9922888 -1.8878300 -1.7745072 -1.6308171 -9999.0000 -9999.0000 -9999.0000 -9999.0000 -9999.0000 -1.7770717 -1.7903666 -1.8720205 -1.9533582 -1.9679350 -1.9552471 -1.9491714 -1.9586564 -1.9242157 -1.8342425 -1.8000207 -1.7393535
-9999.0000 -9999.0000 -9999.0000 -9999.0000 -9999.0000 -9999.0000 -9999.0000 -9999.0000 -9999.0000 -9999.0000 -9999.0000 -9999.0000 -9999.0000 -9999.0000 -9999.0000 -9999.0000 -9999.0000 -9999.0000 -9999.0000 -9999.0000 -9999.0000 -9999.0000 -9999.0000 -9999.0000 -9999.0000 -9999.0000 -9999.0000 -9999.0000 -1.9930154 -2.0061293 -1.8838392 -1.8123358 -1.6704419 -1.5288886 -1.5231416 -1.5171984 -1.4790802 -1.3361671 -9999.0000 -9999.0000 -9999.0000 -9999.0000 -9999.0000 -9999.0000 -9999.0000 -1.7732528 -1.8056145 -1.9022233 -1.9358249 -1.9744232 -1.9724945 -1.9650876 -1.9555526 -1.8967318 -1.8048500 -1.7862106 -1.7722285
-9999.0000 -9999.0000 -9999.0000 -9999.0000 -9999.0000 -9999.0000 -9999.0000 -9999.0000 -9999.0000 -9999.0000 -9999.0000 -9999.0000 -9999.0000 -9999.0000 -9999.0000 -9999.0000 -9999.0000 -9999.0000 -9999.0000 -9999.0000 -9999.0000 -9999.0000 -9999.0000 -9999.0000 -9999.0000 -9999.0000 -9999.0000 -9999.0000 -2.0014372 -1.9663571 -1.8261850 -1.6905997 -1.5141987 -1.4240332 -1.3689154 -1.3307983 -1.3134976 -1.2768811 -9999.0000 -9999.0000 -9999.0000 -9999.0000 -9999.0000 -9999.0000 -1.5220609 -1.5916169 -1.6764827 -1.8459041 -1.9024983 -1.9240312 -1.9181839 -1.9186052 -1.9206535 -1.8827910 -1.8090602 -1.7560395 -1.7599581
-9999.0000 -9999.0000 -9999.0000 -9999.0000 -9999.0000 -9999.0000 -9999.0000 -9999.0000 -9999.0000 -9999.0000 -9999.0000 -9999.0000 -9999.0000 -9999.0000 -9999.0000 -9999.0000 -9999.0000 -9999.0000 -9999.0000 -9999.0000 -9999.0000 -9999.0000 -9999.0000 -9999.0000 -9999.0000 -9999.0000 -9999.0000 -9999.0000 -1.9878044 -1.9387043 -1.7758928 -1.5916968 -1.4567173 -1.4086110 -1.4016614 -1.3561913 -1.2978326 -1.2978486 -9999.0000 -9999.0000 -9999.0000 -9999.0000 -9999.0000 -9999.0000 -9999.0000 -1.4389029 -1.5672383 -1.7741517 -1.8481793 -1.8587823 -1.8339094 -1.8302552 -1.8422358 -1.8232181 -1.7738781 -1.6853405 -1.6572877
-9999.0000 -9999.0000 -9999.0000 -9999.0000 -9999.0000 -9999.0000 -9999.0000 -9999.0000 -9999.0000 -9999.0000 -9999.0000 -9999.0000 -9999.0000 -9999.0000 -9999.0000 -9999.0000 -9999.0000 -9999.0000 -9999.0000 -9999.0000 -9999.0000 -9999.0000 -9999.0000 -9999.0000 -9999.0000 -9999.0000 -9999.0000 -9999.0000 -1.9651429 -1.8437554 -1.7095055 -1.5299440 -1.4443732 -1.4341803 -1.3845078 -1.3358825 -1.3115993 -1.2935743 -1.3337638 -9999.0000 -9999.0000 -9999.0000 -9999.0000 -9999.0000 -9999.0000 -9999.0000 -1.5751918 -1.7912343 -1.8277356 -1.8006058 -1.7782373 -1.7828234 -1.7612991 -1.7244607 -1.6705862 -1.5715723 -1.5063285
-9999.0000 -9999.0000 -9999.0000 -9999.0000 -9999.0000 -9999.0000 -9999.0000 -9999.0000 -9999.0000 -9999.0000 -9999.0000 -9999.0000 -9999.0000 -9999.0000 -9999.0000 -9999.0000 -9999.0000 -9999.0000 -9999.0000 -9999.0000 -9999.0000 -9999.0000 -9999.0000 -9999.0000 -9999.0000 -9999.0000 -9999.0000 -1.9529300 -1.9283027 -1.7943588 -1.6507672 -1.5322140 -1.4871124 -1.4455683 -1.4097765 -1.3682739 -1.3447270 -1.3226702 -1.3162811 -1.3656133 -1.4387862 -1.4703467 -1.4426608 -1.4317067 -1.4363989 -1.4512961 -1.5769333 -1.7405961 -1.7584555 -1.7296144 -1.7411013 -1.7701778 -1.7422262 -1.6682547 -1.5961098 -1.5022948 -1.4152212
-9999.0000 -9999.0000 -9999.0000 -9999.0000 -9999.0000 -9999.0000 -9999.0000 -9999.0000 -9999.0000 -9999.0000 -9999.0000 -9999.0000 -9999.0000 -9999.0000 -9999.0000 -9999.0000 -9999.0000 -9999.0000 -9999.0000 -9999.0000 -9999.0000 -9999.0000 -9999.0000 -9999.0000 -9999.0000 -9999.0000 -9999.0000 -1.9078725 -1.9069409 -1.7612395 -1.6450133 -1.5597726 -1.5274067 -1.5097856 -1.4684135 -1.4206577 -1.3973084 -1.3949928 -1.3855487 -1.3680746 -1.3400275 -1.3426432 -1.3534605 -1.3787119 -1.3889375 -1.4114579 -1.4790169 -1.5499774 -1.5857820 -1.6182925 -1.6543200 -1.6718002 -1.6454625 -1.5790246 -1.5231561 -1.4535562 -1.3961725
-9999.0000 -9999.0000 -9999.0000 -9999.0000 -9999.0000 -9999.0000 -9999.0000 -9999.0000 -9999.0000 -9999.0000 -9999.0000 -9999.0000 -9999.0000 -9999.0000 -9999.0000 -9999.0000 -9999.0000 -9999.0000 -9999.0000 -9999.0000 -9999.0000 -9999.0000 -9999.0000 -9999.0000 -9999.0000 -9999.0000 -9999.0000 -1.9186905 -1.8839200 -1.7188039 -1.6109401 -1.6101906 -1.6013502 -1.5684919 -1.5145019 -1.4816618 -1.4513872 -1.4215309 -1.4093586 -1.3988584 -1.3961291 -1.4027199 -1.4149684 -1.4180405 -1.4170054 -1.4289494 -1.4200188 -1.3903718 -1.4101643 -1.4561607 -1.4889338 -1.4740678 -1.4816494 -1.4815793 -1.4182814 -1.3650094 -1.3440234
-9999.0000 -9999.0000 -9999.0000 -9999.0000 -9999.0000 -9999.0000 -9999.0000 -9999.0000 -9999.0000 -9999.0000 -9999.0000 -9999.0000 -9999.0000 -9999.0000 -9999.0000 -9999.0000 -9999.0000 -9999.0000 -9999.0000 -9999.0000 -9999.0000 -9999.0000 -9999.0000 -9999.0000 -9999.0000 -9999.0000 -9999.0000 -1.9427350 -1.8462350 -1.7616443 -1.6567951 -1.6344746 -1.6484422 -1.6150094 -1.5637289 -1.5155082 -1.4819657 -1.4450716 -1.4367522 -1.4361441 -1.4511984 -1.4365670 -1.4225082 -1.4109344 -1.4102646 -1.4299923 -1.4145302 -1.3614206 -1.3052132 -1.2981424 -1.3047831 -1.3613632 -1.4429194 -1.4846471 -1.4309073 -1.3225087 -1.3035982
-9999.0000 -9999.0000 -9999.0000 -9999.0000 -9999.0000 -9999.0000 -9999.0000 -9999.0000 -9999.0000 -9999.0000 -9999.0000 -9999.0000 -9999.0000 -9999.0000 -9999.0000 -9999.0000 -9999.0000 -9999.0000 -9999.0000 -9999.0000 -9999.0000 -9999.0000 -9999.0000 -9999.0000 -9999.0000 -9999.0000 -2.0118510 -1.8853206 -1.8695255 -1.7987040 -1.7550681 -1.6944274 -1.6502231 -1.5992000 -1.5495502 -1.5157944 -1.4883913 -1.4682493 -1.4500437 -1.4417715 -1.4362916 -1.4114329 -1.3817247 -1.3617941 -1.3438498 -1.3381465 -1.3144205 -1.2522114 -1.1952475 -1.1869107 -1.2447897 -1.3602369 -1.4374470 -1.4748924 -1.4326885 -1.3104604 -1.2291659
-9999.0000 -9999.0000 -9999.0000 -9999.0000 -9999.0000 -9999.0000 -9999.0000 -9999.0000 -9999.0000 -9999.0000 -9999.0000 -9999.0000 -9999.0000 -9999.0000 -9999.0000 -9999.0000 -9999.0000 -9999.0000 -9999.0000 -9999.0000 -9999.0000 -9999.0000 -9999.0000 -9999.0000 -9999.0000 -1.8919267 -1.8075346 -1.8178575 -1.8129921 -1.8405323 -1.8153831 -1.7649807 -1.7005553 -1.6278324 -1.5864755 -1.5395016 -1.5022233 -1.4803785 -1.4697229 -1.4496095 -1.4227607 -1.3801004 -1.3339659 -1.3065241 -1.2771631 -1.2352894 -1.1986831 -1.1573750 -1.1261053 -1.1317561 -1.2009380 -1.2863588 -1.2926223 -1.3268968 -1.3240272 -1.2346931 -1.1474715
-9999.0000 -9999.0000 -9999.0000 -9999.0000 -9999.0000 -9999.0000 -9999.0000 -9999.0000 -9999.0000 -9999.0000 -9999.0000 -9999.0000 -9999.0000 -9999.0000 -9999.0000 -9999.0000 -9999.0000 -9999.0000 -9999.0000 -9999.0000 -9999.0000 -9999.0000 -9999.0000 -9999.0000 -1.9069626 -1.7403584 -1.7120370 -1.6932830 -1.7161346 -1.7254653 -1.7819920 -1.7826325 -1.7282462 -1.6527360 -1.5979486 -1.5630874 -1.5260348 -1.5028403 -1.4745839 -1.4529385 -1.4126195 -1.3551387 -1.3127419 -1.2857485 -1.2370107 -1.1971243 -1.1366329 -1.0990301 -1.0849914 -1.0851554 -1.1302409 -1.1834643 -1.1796784 -1.1789833 -1.1751745 -1.1260655 -1.0695191
-9999.0000 -9999.0000 -9999.0000 -9999.0000 -9999.0000 -9999.0000 -9999.0000 -9999.0000 -9999.0000 -9999.0000 -9999.0000 -9999.0000 -9999.0000 -9999.0000 -9999.0000 -9999.0000 -9999.0000 -9999.0000 -9999.0000 -9999.0000 -9999.0000 -9999.0000 -1.9116247 -1.8410190 -1.7307858 -1.6556586 -1.6057546 -1.6017188 -1.5780557 -1.6004401 -1.6334770 -1.6778035 -1.6892409 -1.6664384 -1.6237050 -1.5893284 -1.5502457 -1.5262872 -1.4819304 -1.4333908 -1.3766455 -1.3337529 -1.2843492 -1.2513817 -1.2095383 -1.1508134 -1.1139663 -1.0891031 -1.0750301 -1.0587859 -1.0671204 -1.0943291 -1.1266670 -1.1180041 -1.0721183 -1.0244282 -1.0196415
-9999.0000 -9999.0000 -9999.0000 -9999.0000 -9999.0000 -9999.0000 -9999.0000 -9999.0000 -9999.0000 -9999.0000 -9999.0000 -9999.0000 -9999.0000 -9999.0000 -9999.0000 -9999.0000 -9999.0000 -9999.0000 -9999.0000 -9999.0000 -9999.0000 -9999.0000 -1.5631191 -1.5105239 -1.4736899 -1.5057228 -1.4949904 -1.4779752 -1.4910077 -1.4890475 -1.4957287 -1.5246457 -1.5684023 -1.5771732 -1.5669268 -1.5567913 -1.5279961 -1.5001522 -1.4549135 -1.3899092 -1.3246380 -1.2859025 -1.2622909 -1.2445317 -1.1974535 -1.1361163 -1.1221166 -1.0884187 -1.0569275 -1.0164608 -1.0047368 -1.0266448 -1.0499792 -1.0407424 -1.0187283 -0.96904081 -1.0034493
-9999.0000 -9999.0000 -9999.0000 -9999.0000 -9999.0000 -9999.0000 -9999.0000 -9999.0000 -9999.0000 -9999.0000 -9999.0000 -9999.0000 -9999.0000 -9999.0000 -9999.0000 -9999.0000 -9999.0000 -9999.0000 -9999.0000 -9999.0000 -9999.0000 -1.4123135 -1.2850161 -1.2765395 -1.2645728 -1.3359916 -1.3442269 -1.3771731 -1.4184964 -1.4319277 -1.4153075 -1.3985961 -1.4139931 -1.4247177 -1.4116280 -1.4091434 -1.4299453 -1.4351639 -1.4023949 -1.3408740 -1.2935283 -1.2559666 -1.2179529 -1.1953695 -1.1502315 -1.0655184 -1.0634693 -1.0761381 -1.0586788 -1.0124246 -0.96628654 -0.95287206 -0.97062048 -0.99078712 -0.99430047 -0.98550971 -0.96736410
-9999.0000 -9999.0000 -9999.0000 -9999.0000 -9999.0000 -9999.0000 -9999.0000 -9999.0000 -9999.0000 -9999.0000 -9999.0000 -9999.0000 -9999.0000 -9999.0000 -9999.0000 -9999.0000 -9999.0000 -9999.0000 -9999.0000 -9999.0000 -9999.0000 -1.4040684 -1.3384155 -1.3267379 -1.2751730 -1.2650584 -1.2764094 -1.2857464 -1.3311185 -1.3459993 -1.3291707 -1.2898095 -1.2731083 -1.3139697 -1.3106257 -1.2519182 -1.2450420 -1.2908148 -1.3404523 -1.3385290 -1.3145735 -1.2889397 -1.2440243 -1.1964884 -1.1054560 -1.0072811 -0.99958758 -1.0440270 -1.0610961 -1.0203033 -0.96917139 -0.94270699 -0.94532131 -0.96173586 -0.96957220 -0.97058089 -0.98077682
-9999.0000 -9999.0000 -9999.0000 -9999.0000 -9999.0000 -9999.0000 -9999.0000 -9999.0000 -9999.0000 -9999.0000 -9999.0000 -9999.0000 -9999.0000 -9999.0000 -9999.0000 -9999.0000 -9999.0000 -9999.0000 -9999.0000 -9999.0000 -1.4585823 -1.4509707 -1.4433827 -1.4317030 -1.3365932 -1.2677660 -1.2484071 -1.2463158 -1.2600624 -1.2761629 -1.2790190 -1.2522155 -1.2396658 -1.2611810 -1.2821392 -1.2435116 -1.1551801 -1.1303149 -1.1934315 -1.2797361 -1.3360714 -1.3321331 -1.3075843 -1.2596149 -1.1980398 -1.0871922 -1.0441551 -1.0393782 -1.0520269 -1.0495270 -1.0314906 -1.0153928 -0.99839305 -1.0017417 -1.0065468 -0.99808549 -1.0141381
-9999.0000 -9999.0000 -9999.0000 -9999.0000 -9999.0000 -9999.0000 -9999.0000 -9999.0000 -9999.0000 -9999.0000 -9999.0000 -9999.0000 -9999.0000 -9999.0000 -9999.0000 -9999.0000 -9999.0000 -9999.0000 -9999.0000 -1.1570214 -1.2716868 -1.3064895 -1.2796477 -1.2450553 -1.2350720 -1.2324576 -1.2254497 -1.2181015 -1.2347034 -1.2638608 -1.2778444 -1.2717056 -1.2539839 -1.2533874 -1.2768473 -1.2837329 -1.2196589 -1.1142110 -1.0887229 -1.1290352 -1.2222243 -1.2688759 -1.2629784 -1.2293719 -1.1947132 -1.1388860 -1.0713728 -1.0302400 -1.0294189 -1.0274081 -1.0063423 -0.98371557 -0.96011850 -0.96910787 -0.98603629 -1.0186395 -1.0496747
-9999.0000 -9999.0000 -9999.0000 -9999.0000 -9999.0000 -9999.0000 -9999.0000 -9999.0000 -9999.0000 -9999.0000 -9999.0000 -9999.0000 -9999.0000 -9999.0000 -9999.0000 -9999.0000 -9999.0000 -9999.0000 -9999.0000 -0.91818478 -1.0403026 -1.1125821 -1.0851494 -1.0754896 -1.1143975 -1.1577245 -1.1888169 -1.2228703 -1.2652421 -1.2963556 -1.2952648 -1.2727339 -1.2461786 -1.2524062 -1.2737693 -1.2910142 -1.2717445 -1.1893701 -1.1147969 -1.0792945 -1.0904263 -1.1413157 -1.1885394 -1.1877076 -1.1851672 -1.1451823 -1.0808945 -1.0294906 -0.98584177 -0.94772216 -0.90332804 -0.88106695 -0.87595029 -0.88446251 -0.90929104 -0.94104242 -0.96133827
-9999.0000 -9999.0000 -9999.0000 -9999.0000 -9999.0000 -9999.0000 -9999.0000 -9999.0000 -9999.0000 -9999.0000 -9999.0000 -9999.0000 -9999.0000 -9999.0000 -9999.0000 -9999.0000 -9999.0000 -9999.0000 -9999.0000 -0.64417877 -0.81100966 -0.93958210 -0.97969932 -1.0082562 -1.0451637 -1.0809916 -1.1625838 -1.2246322 -1.2898077 -1.3199427 -1.3225367 -1.3079989 -1.2874652 -1.2841672 -1.2934786 -1.2808258 -1.2709655 -1.2429995 -1.1991716 -1.1516744 -1.1187141 -1.1178070 -1.1497600 -1.2126064 -1.2601385 -1.2471707 -1.1702665 -1.0801512 -1.0209630 -0.97490077 -0.88193846 -0.80723026 -0.75912543 -0.75345656 -0.76022216 -0.75001736 -0.74986318
-9999.0000 -9999.0000 -9999.0000 -9999.0000 -9999.0000 -9999.0000 -9999.0000 -9999.0000 -9999.0000 -9999.0000 -9999.0000 -9999.0000 -9999.0000 -9999.0000 -9999.0000 -9999.0000 -9999.0000 -9999.0000 -9999.0000 -0.59553151 -0.67239444 -0.78756480 -0.84205689 -0.91532088 -0.97042587 -0.99506602 -1.0869074 -1.1838129 -1.2385518 -1.2833747 -1.3271007 -1.3608776 -1.3561873 -1.3106011 -1.2675615 -1.2459165 -1.2464861 -1.2638765 -1.2470537 -1.2264254 -1.2067142 -1.1607545 -1.1372608 -1.1507252 -1.1822172 -1.2038094 -1.1585997 -1.0897699 -1.0379519 -0.99696896 -0.88384789 -0.75497843 -0.68084701 -0.58213145 -0.39085270 -0.17095444 -0.17253019
-9999.0000 -9999.0000 -9999.0000 -9999.0000 -9999.0000 -9999.0000 -9999.0000 -9999.0000 -9999.0000 -9999.0000 -9999.0000 -9999.0000 -9999.0000 -9999.0000 -9999.0000 -9999.0000 -9999.0000 -9999.0000 -9999.0000 -0.79557170 -0.78514496 -0.74937128 -0.70669903 -0.84183065 -0.91856036 -0.92186521 -0.97675662 -1.0553294 -1.1359207 -1.2027963 -1.2766375 -1.3279560 -1.3263879 -1.2434198 -1.2060922 -1.1948733 -1.2099222 -1.2431448 -1.2416669 -1.2159247 -1.1998827 -1.1530365 -1.0763210 -0.99196249 -0.94500299 -0.91889260 -0.88237373 -0.88232360 -0.86023625 -0.82443666 -0.73842786 -0.60752921 -0.44490021 -0.14247626 0.037184016 -9999.0000 -9999.0000
-9999.0000 -9999.0000 -9999.0000 -9999.0000 -9999.0000 -9999.0000 -9999.0000 -9999.0000 -9999.0000 -9999.0000 -9999.0000 -9999.0000 -9999.0000 -9999.0000 -9999.0000 -9999.0000 -9999.0000 -9999.0000 -9999.0000 -0.84349956 -0.78263188 -0.68488377 -0.68221437 -0.80214909 -0.85713403 -0.86792546 -0.88844256 -0.96728424 -1.0597569 -1.1234134 -1.1861647 -1.2140867 -1.1974106 -1.1303551 -1.1090078 -1.1497675 -1.1901982 -1.2123680 -1.1919254 -1.1523820 -1.1080092 -1.0590198 -0.96089587 -0.82771972 -0.73806114 -0.67083528 -0.57517619 -0.57596113 -0.52829845 -0.51014405 -0.44612407 -0.28463701 0.082086669 0.21610609 -9999.0000 -9999.0000 -9999.0000
-9999.0000 -9999.0000 -9999.0000 -9999.0000 -9999.0000 -9999.0000 -9999.0000 -9999.0000 -9999.0000 -9999.0000 -9999.0000 -9999.0000 -9999.0000 -9999.0000 -9999.0000 -9999.0000 -9999.0000 -9999.0000 -9999.0000 -0.50131337 -0.47201322 -0.47808911 -0.59686084 -0.71269963 -0.78537439 -0.81473140 -0.84567868 -0.90081632 -0.98908810 -1.0394586 -1.0524725 -1.0488663 -1.0690009 -1.0424263 -1.0487192 -1.1211522 -1.1693308 -1.1640721 -1.1174382 -1.0508592 -0.98615216 -0.92706552 -0.82469383 -0.69900572 -0.58848503 -0.50976983 -0.40963982 -0.32674224 -0.22705909 -0.15190316 -0.022519415 0.16669824 0.23203924 -0.35346177 -9999.0000 -9999.0000 -9999.0000
-9999.0000 -9999.0000 -9999.0000 -9999.0000 -9999.0000 -9999.0000 -9999.0000 -9999.0000 -9999.0000 -9999.0000 -9999.0000 -9999.0000 -9999.0000 -9999.0000 -9999.0000 -9999.0000 -9999.0000 -9999.0000 -9999.0000 -0.31001672 -0.22634793 -0.31555420 -0.44798338 -0.56948488 -0.65923761 -0.72086418 -0.73565448 -0.77468849 -0.83850880 -0.89887140 -0.90084394 -0.90486807 -0.96007685 -1.0004743 -1.0168661 -1.0724464 -1.0889101 -1.0445090 -0.97980005 -0.90774106 -0.82832747 -0.75379598 -0.68405796 -0.60875137 -0.48528840 -0.33228230 -0.15252886 0.0052072801 0.14297461 0.28764483 0.41457566 0.34130822 -0.24963947 -9999.0000 -9999.0000 -9999.0000 -9999.0000
