data/glamos/distributed_mass_balance_grids/chessjen/2025_win_obs.grid
ncols        92
nrows        134
xllcorner    2636610.000000000000
yllcorner    1101340.000000000000
cellsize     10.000000000000
NODATA_value  -9999
[rows 75 to 99 of 134, columns 0 to 56 of 92]
-9999.0000 -9999.0000 -9999.0000 -9999.0000 -9999.0000 -9999.0000 -9999.0000 -9999.0000 -9999.0000 -9999.0000 -9999.0000 -9999.0000 -9999.0000 -9999.0000 -9999.0000 -9999.0000 -9999.0000 -9999.0000 -9999.0000 -9999.0000 -9999.0000 -9999.0000 -9999.0000 -9999.0000 -9999.0000 -9999.0000 -9999.0000 -9999.0000 -9999.0000 -9999.0000 0.95194716 0.96397440 0.98716105 0.97985172 0.96099473 0.95095254 0.94399306 0.94089430 0.92773308 0.92321057 -9999.0000 -9999.0000 -9999.0000 -9999.0000 -9999.0000 0.81185017 0.79438599 0.77351744 0.76623241 0.75906989 0.74859313 0.73966233 0.73340586 0.73841726 0.75111574 0.76760098 0.78172225
-9999.0000 -9999.0000 -9999.0000 -9999.0000 -9999.0000 -9999.0000 -9999.0000 -9999.0000 -9999.0000 -9999.0000 -9999.0000 -9999.0000 -9999.0000 -9999.0000 -9999.0000 -9999.0000 -9999.0000 -9999.0000 -9999.0000 -9999.0000 -9999.0000 -9999.0000 -9999.0000 -9999.0000 -9999.0000 -9999.0000 -9999.0000 -9999.0000 0.93218022 0.93163195 0.94382148 0.96543413 0.97851762 0.96867734 0.96018462 0.96184988 0.95550893 0.94549938 -9999.0000 -9999.0000 -9999.0000 -9999.0000 -9999.0000 -9999.0000 -9999.0000 0.83579536 0.81455250 0.79131987 0.78751378 0.78424443 0.77427460 0.76371539 0.75731457 0.76129271 0.77061228 0.78614127 0.79945114
-9999.0000 -9999.0000 -9999.0000 -9999.0000 -9999.0000 -9999.0000 -9999.0000 -9999.0000 -9999.0000 -9999.0000 -9999.0000 -9999.0000 -9999.0000 -9999.0000 -9999.0000 -9999.0000 -9999.0000 -9999.0000 -9999.0000 -9999.0000 -9999.0000 -9999.0000 -9999.0000 -9999.0000 -9999.0000 -9999.0000 -9999.0000 -9999.0000 0.93474278 0.92789188 0.94575312 0.96673270 0.96465607 0.94913339 0.94370292 0.94920526 0.94452795 0.93687301 -9999.0000 -9999.0000 -9999.0000 -9999.0000 -9999.0000 -9999.0000 0.85516601 0.84984965 0.83351062 0.81020380 0.80812940 0.80860883 0.80140267 0.79340029 0.78788502 0.78719369 0.79180011 0.80539589 0.81933558
-9999.0000 -9999.0000 -9999.0000 -9999.0000 -9999.0000 -9999.0000 -9999.0000 -9999.0000 -9999.0000 -9999.0000 -9999.0000 -9999.0000 -9999.0000 -9999.0000 -9999.0000 -9999.0000 -9999.0000 -9999.0000 -9999.0000 -9999.0000 -9999.0000 -9999.0000 -9999.0000 -9999.0000 -9999.0000 -9999.0000 -9999.0000 -9999.0000 0.91904786 0.92452210 0.94505242 0.95404890 0.94248461 0.92945289 0.92732402 0.92963876 0.92732688 0.92323803 -9999.0000 -9999.0000 -9999.0000 -9999.0000 -9999.0000 -9999.0000 -9999.0000 0.84945749 0.84390671 0.82648814 0.83040639 0.83437526 0.82973983 0.82113200 0.81681811 0.81483140 0.81550450 0.82681617 0.83877673
-9999.0000 -9999.0000 -9999.0000 -9999.0000 -9999.0000 -9999.0000 -9999.0000 -9999.0000 -9999.0000 -9999.0000 -9999.0000 -9999.0000 -9999.0000 -9999.0000 -9999.0000 -9999.0000 -9999.0000 -9999.0000 -9999.0000 -9999.0000 -9999.0000 -9999.0000 -9999.0000 -9999.0000 -9999.0000 -9999.0000 -9999.0000 -9999.0000 0.91749385 0.93773226 0.95176779 0.94721465 0.93294472 0.92151540 0.91942401 0.91710721 0.91408305 0.91113240 0.91048435 -9999.0000 -9999.0000 -9999.0000 -9999.0000 -9999.0000 -9999.0000 -9999.0000 0.85017377 0.83730981 0.84791708 0.85227396 0.84894943 0.83862157 0.83411898 0.83391653 0.83436875 0.84165964 0.84879324
-9999.0000 -9999.0000 -9999.0000 -9999.0000 -9999.0000 -9999.0000 -9999.0000 -9999.0000 -9999.0000 -9999.0000 -9999.0000 -9999.0000 -9999.0000 -9999.0000 -9999.0000 -9999.0000 -9999.0000 -9999.0000 -9999.0000 -9999.0000 -9999.0000 -9999.0000 -9999.0000 -9999.0000 -9999.0000 -9999.0000 -9999.0000 0.93893631 0.92281166 0.94479025 0.94869157 0.93796826 0.92447669 0.91710667 0.91715102 0.91559568 0.91245089 0.90887147 0.90888041 0.90880621 0.90694437 0.90363752 0.89716161 0.88940153 0.88199986 0.87212855 0.86481081 0.86341368 0.87139572 0.87147768 0.86424171 0.85489027 0.84767538 0.84725902 0.84872670 0.85534163 0.85788221
-9999.0000 -9999.0000 -9999.0000 -9999.0000 -9999.0000 -9999.0000 -9999.0000 -9999.0000 -9999.0000 -9999.0000 -9999.0000 -9999.0000 -9999.0000 -9999.0000 -9999.0000 -9999.0000 -9999.0000 -9999.0000 -9999.0000 -9999.0000 -9999.0000 -9999.0000 -9999.0000 -9999.0000 -9999.0000 -9999.0000 -9999.0000 0.93961480 0.93008919 0.94779165 0.94522594 0.93251620 0.91931844 0.91400650 0.91468645 0.91372738 0.91290820 0.91329813 0.91140363 0.90979863 0.90780805 0.90554034 0.90106379 0.89502166 0.88865008 0.88120196 0.88131074 0.89097320 0.89353419 0.89098617 0.88461167 0.87807702 0.86792946 0.86327756 0.86486632 0.86929004 0.86757071
-9999.0000 -9999.0000 -9999.0000 -9999.0000 -9999.0000 -9999.0000 -9999.0000 -9999.0000 -9999.0000 -9999.0000 -9999.0000 -9999.0000 -9999.0000 -9999.0000 -9999.0000 -9999.0000 -9999.0000 -9999.0000 -9999.0000 -9999.0000 -9999.0000 -9999.0000 -9999.0000 -9999.0000 -9999.0000 -9999.0000 -9999.0000 0.94182773 0.93677863 0.94562712 0.94026665 0.92780280 0.91657374 0.91514450 0.91811312 0.91791103 0.91797528 0.92065472 0.92036307 0.91747676 0.91317677 0.91162223 0.91252372 0.90828588 0.90295840 0.89491063 0.89717121 0.90783288 0.90888441 0.90825557 0.90327972 0.89678738 0.88409702 0.87414250 0.87234349 0.87692284 0.87382994
-9999.0000 -9999.0000 -9999.0000 -9999.0000 -9999.0000 -9999.0000 -9999.0000 -9999.0000 -9999.0000 -9999.0000 -9999.0000 -9999.0000 -9999.0000 -9999.0000 -9999.0000 -9999.0000 -9999.0000 -9999.0000 -9999.0000 -9999.0000 -9999.0000 -9999.0000 -9999.0000 -9999.0000 -9999.0000 -9999.0000 -9999.0000 0.94847387 0.94409467 0.94091701 0.93244578 0.92391615 0.91754427 0.91812438 0.92148706 0.92405711 0.92576983 0.92931151 0.93011665 0.92868878 0.92374584 0.92350838 0.92579673 0.92415885 0.92177713 0.91512065 0.91341473 0.91229721 0.91484983 0.91716455 0.91388755 0.90299450 0.89480351 0.88426599 0.87713711 0.87943987 0.87337199
-9999.0000 -9999.0000 -9999.0000 -9999.0000 -9999.0000 -9999.0000 -9999.0000 -9999.0000 -9999.0000 -9999.0000 -9999.0000 -9999.0000 -9999.0000 -9999.0000 -9999.0000 -9999.0000 -9999.0000 -9999.0000 -9999.0000 -9999.0000 -9999.0000 -9999.0000 -9999.0000 -9999.0000 -9999.0000 -9999.0000 0.95852789 0.95254230 0.94729318 0.94030820 0.92837843 0.92324523 0.92080042 0.92545175 0.93125880 0.93649104 0.93872611 0.94071915 0.94120934 0.94094928 0.93929665 0.93846599 0.94019339 0.93782018 0.94045371 0.93928695 0.93848458 0.93218125 0.92317132 0.91793343 0.91037945 0.89982961 0.90139438 0.89131478 0.88200883 0.88317947 0.88120954
-9999.0000 -9999.0000 -9999.0000 -9999.0000 -9999.0000 -9999.0000 -9999.0000 -9999.0000 -9999.0000 -9999.0000 -9999.0000 -9999.0000 -9999.0000 -9999.0000 -9999.0000 -9999.0000 -9999.0000 -9999.0000 -9999.0000 -9999.0000 -9999.0000 -9999.0000 -9999.0000 -9999.0000 -9999.0000 0.96986496 0.96550141 0.96187210 0.96026959 0.94977303 0.93326510 0.92695755 0.92795536 0.93557576 0.94020119 0.94698461 0.95042456 0.95276176 0.95319804 0.95469279 0.95589975 0.95500783 0.95162835 0.94841510 0.95461404 0.95894895 0.96106328 0.95078577 0.93594224 0.92529852 0.91757596 0.91050801 0.91315486 0.90604828 0.90286507 0.90087262 0.89777707
-9999.0000 -9999.0000 -9999.0000 -9999.0000 -9999.0000 -9999.0000 -9999.0000 -9999.0000 -9999.0000 -9999.0000 -9999.0000 -9999.0000 -9999.0000 -9999.0000 -9999.0000 -9999.0000 -9999.0000 -9999.0000 -9999.0000 -9999.0000 -9999.0000 -9999.0000 -9999.0000 -9999.0000 0.96550035 0.96646681 0.96592154 0.97275396 0.97375795 0.96559927 0.95354771 0.94734445 0.94572926 0.95145140 0.95489771 0.95788557 0.95977424 0.96104300 0.96419517 0.96754866 0.97032391 0.96832521 0.96373673 0.95801178 0.96259450 0.97043141 0.97656002 0.96830658 0.95472523 0.94381049 0.93472545 0.92767259 0.92296529 0.92025251 0.92206665 0.92084437 0.91395298
-9999.0000 -9999.0000 -9999.0000 -9999.0000 -9999.0000 -9999.0000 -9999.0000 -9999.0000 -9999.0000 -9999.0000 -9999.0000 -9999.0000 -9999.0000 -9999.0000 -9999.0000 -9999.0000 -9999.0000 -9999.0000 -9999.0000 -9999.0000 -9999.0000 -9999.0000 0.94417962 0.96489502 0.97175526 0.96786202 0.97962184 0.98586274 0.98312826 0.97497211 0.97067191 0.97038556 0.96715648 0.96640794 0.96695256 0.96897599 0.97082076 0.97055057 0.97360970 0.97845816 0.98282068 0.98142218 0.97570328 0.97244286 0.97477733 0.98445591 0.98634879 0.97797981 0.97038645 0.96580610 0.95974758 0.94925465 0.93643973 0.93205074 0.93404188 0.93045599 0.92471183
-9999.0000 -9999.0000 -9999.0000 -9999.0000 -9999.0000 -9999.0000 -9999.0000 -9999.0000 -9999.0000 -9999.0000 -9999.0000 -9999.0000 -9999.0000 -9999.0000 -9999.0000 -9999.0000 -9999.0000 -9999.0000 -9999.0000 -9999.0000 -9999.0000 -9999.0000 0.98186079 0.97345577 0.99172623 0.99687373 1.0052458 1.0021097 0.99236770 0.98518686 0.98532637 0.98925860 0.98745908 0.98255052 0.98177392 0.98300720 0.98503387 0.98457757 0.98611809 0.98844238 0.99087831 0.99032605 0.98800864 0.98705439 0.98783210 0.99965935 0.99903492 0.99418946 0.99053786 0.99110197 0.98748189 0.97993828 0.96753529 0.95738455 0.94816829 0.94269527 0.94089421
-9999.0000 -9999.0000 -9999.0000 -9999.0000 -9999.0000 -9999.0000 -9999.0000 -9999.0000 -9999.0000 -9999.0000 -9999.0000 -9999.0000 -9999.0000 -9999.0000 -9999.0000 -9999.0000 -9999.0000 -9999.0000 -9999.0000 -9999.0000 -9999.0000 1.0153207 1.0200577 0.99816166 1.0213450 1.0266280 1.0285293 1.0140234 1.0005819 0.99143078 0.99068701 0.99842975 1.0005568 0.99582163 0.99433237 0.99895447 1.0012803 0.99972162 0.99918157 0.99730279 0.99661635 0.99447400 0.99394897 0.99639876 1.0004384 1.0139276 1.0150916 1.0104128 1.0046119 1.0055506 1.0075260 1.0050251 0.99443928 0.98239330 0.97059107 0.96829133 0.97366469
-9999.0000 -9999.0000 -9999.0000 -9999.0000 -9999.0000 -9999.0000 -9999.0000 -9999.0000 -9999.0000 -9999.0000 -9999.0000 -9999.0000 -9999.0000 -9999.0000 -9999.0000 -9999.0000 -9999.0000 -9999.0000 -9999.0000 -9999.0000 -9999.0000 1.0484305 1.0366842 1.0235261 1.0396221 1.0440660 1.0362956 1.0253828 1.0169428 1.0081709 1.0025477 1.0063903 1.0087878 1.0067041 1.0013541 1.0053677 1.0143604 1.0184305 1.0150211 1.0075498 1.0022077 0.99953082 0.99939635 1.0015832 1.0043740 1.0163926 1.0219044 1.0253017 1.0200564 1.0191407 1.0226551 1.0277245 1.0253956 1.0129162 0.99877012 0.99587332 0.99346307
-9999.0000 -9999.0000 -9999.0000 -9999.0000 -9999.0000 -9999.0000 -9999.0000 -9999.0000 -9999.0000 -9999.0000 -9999.0000 -9999.0000 -9999.0000 -9999.0000 -9999.0000 -9999.0000 -9999.0000 -9999.0000 -9999.0000 -9999.0000 1.0720648 1.0681178 1.0644879 1.0600126 1.0528559 1.0493049 1.0424368 1.0347558 1.0272164 1.0186300 1.0104505 1.0101926 1.0126690 1.0149699 1.0123121 1.0092783 1.0152904 1.0255819 1.0294308 1.0242942 1.0158011 1.0118130 1.0096766 1.0102106 1.0065597 1.0154867 1.0252351 1.0331339 1.0279730 1.0259714 1.0320161 1.0389509 1.0401098 1.0296338 1.0184051 1.0157640 1.0099756
-9999.0000 -9999.0000 -9999.0000 -9999.0000 -9999.0000 -9999.0000 -9999.0000 -9999.0000 -9999.0000 -9999.0000 -9999.0000 -9999.0000 -9999.0000 -9999.0000 -9999.0000 -9999.0000 -9999.0000 -9999.0000 -9999.0000 1.0731549 1.0843662 1.0865101 1.0868006 1.0825116 1.0679565 1.0616494 1.0544552 1.0444535 1.0354763 1.0263026 1.0187595 1.0142228 1.0159161 1.0196364 1.0220541 1.0197079 1.0192683 1.0272231 1.0322132 1.0362828 1.0337364 1.0296672 1.0235373 1.0215126 1.0154408 1.0194529 1.0312212 1.0385594 1.0362927 1.0368034 1.0509570 1.0610278 1.0647054 1.0566324 1.0495626 1.0343081 1.0193992
-9999.0000 -9999.0000 -9999.0000 -9999.0000 -9999.0000 -9999.0000 -9999.0000 -9999.0000 -9999.0000 -9999.0000 -9999.0000 -9999.0000 -9999.0000 -9999.0000 -9999.0000 -9999.0000 -9999.0000 -9999.0000 -9999.0000 1.0791415 1.0938016 1.0923707 1.0998643 1.0968931 1.0895188 1.0845749 1.0732087 1.0577423 1.0432548 1.0333661 1.0265800 1.0188682 1.0197649 1.0248057 1.0317607 1.0345710 1.0299934 1.0302002 1.0328542 1.0390258 1.0440999 1.0457096 1.0420298 1.0345495 1.0251119 1.0259173 1.0372136 1.0455350 1.0477324 1.0488592 1.0636718 1.0753227 1.0818246 1.0859003 1.0847669 1.0725175 1.0508733
-9999.0000 -9999.0000 -9999.0000 -9999.0000 -9999.0000 -9999.0000 -9999.0000 -9999.0000 -9999.0000 -9999.0000 -9999.0000 -9999.0000 -9999.0000 -9999.0000 -9999.0000 -9999.0000 -9999.0000 -9999.0000 -9999.0000 1.0762793 1.1017752 1.1090203 1.1150582 1.1154853 1.1074306 1.1050743 1.0907172 1.0750236 1.0610725 1.0521164 1.0414029 1.0287314 1.0275922 1.0374376 1.0462935 1.0516711 1.0460394 1.0408895 1.0404616 1.0446870 1.0488614 1.0542056 1.0589040 1.0548336 1.0453427 1.0421320 1.0509463 1.0593408 1.0645594 1.0631047 1.0738527 1.0855659 1.0992501 1.1148785 1.1211531 1.1142652 1.0796102
-9999.0000 -9999.0000 -9999.0000 -9999.0000 -9999.0000 -9999.0000 -9999.0000 -9999.0000 -9999.0000 -9999.0000 -9999.0000 -9999.0000 -9999.0000 -9999.0000 -9999.0000 -9999.0000 -9999.0000 -9999.0000 -9999.0000 1.0604447 1.1165360 1.1316481 1.1371268 1.1339058 1.1213875 1.1201532 1.1113534 1.0986088 1.0861811 1.0776937 1.0651139 1.0497939 1.0444879 1.0560735 1.0651639 1.0678849 1.0614502 1.0560979 1.0569019 1.0607917 1.0614140 1.0654702 1.0731667 1.0793187 1.0760736 1.0756020 1.0800169 1.0837029 1.0891928 1.0905539 1.0922711 1.1028433 1.1191322 1.1427909 1.1580970 1.1464128 1.0973953
-9999.0000 -9999.0000 -9999.0000 -9999.0000 -9999.0000 -9999.0000 -9999.0000 -9999.0000 -9999.0000 -9999.0000 -9999.0000 -9999.0000 -9999.0000 -9999.0000 -9999.0000 -9999.0000 -9999.0000 -9999.0000 -9999.0000 1.0767995 1.1408816 1.1685623 1.1621064 1.1504854 1.1330941 1.1309442 1.1295544 1.1210898 1.1105510 1.1042550 1.0944725 1.0822364 1.0743717 1.0810793 1.0852189 1.0824196 1.0765593 1.0747294 1.0789241 1.0853895 1.0877873 1.0915129 1.0962981 1.1052116 1.1092016 1.1121808 1.1188715 1.1180473 1.1243586 1.1272706 1.1253320 1.1303845 1.1566841 1.1938370 1.0518369 -9999.0000 -9999.0000
-9999.0000 -9999.0000 -9999.0000 -9999.0000 -9999.0000 -9999.0000 -9999.0000 -9999.0000 -9999.0000 -9999.0000 -9999.0000 -9999.0000 -9999.0000 -9999.0000 -9999.0000 -9999.0000 -9999.0000 -9999.0000 -9999.0000 1.1149778 1.1781790 1.1947928 1.1786896 1.1600504 1.1462842 1.1412402 1.1415258 1.1369289 1.1302364 1.1295802 1.1271198 1.1181278 1.1029870 1.1019726 1.1023120 1.0972808 1.0936801 1.0952891 1.1021326 1.1105465 1.1164462 1.1194065 1.1191827 1.1245193 1.1350118 1.1373951 1.1466157 1.1469105 1.1585889 1.1676122 1.1668771 1.1733743 1.1993113 1.1107150 -9999.0000 -9999.0000 -9999.0000
-9999.0000 -9999.0000 -9999.0000 -9999.0000 -9999.0000 -9999.0000 -9999.0000 -9999.0000 -9999.0000 -9999.0000 -9999.0000 -9999.0000 -9999.0000 -9999.0000 -9999.0000 -9999.0000 -9999.0000 -9999.0000 -9999.0000 1.1632598 1.2126733 1.2136122 1.1918862 1.1742021 1.1620502 1.1548844 1.1562879 1.1575246 1.1552017 1.1564797 1.1567582 1.1506649 1.1293917 1.1177729 1.1159462 1.1140126 1.1158264 1.1186095 1.1254315 1.1322962 1.1403735 1.1444032 1.1412478 1.1392209 1.1529791 1.1678087 1.1801589 1.1808366 1.1978740 1.2118651 1.2150501 1.2245098 1.1028047 0.67983084 -9999.0000 -9999.0000 -9999.0000
-9999.0000 -9999.0000 -9999.0000 -9999.0000 -9999.0000 -9999.0000 -9999.0000 -9999.0000 -9999.0000 -9999.0000 -9999.0000 -9999.0000 -9999.0000 -9999.0000 -9999.0000 -9999.0000 -9999.0000 -9999.0000 -9999.0000 1.1580229 1.2138327 1.2225140 1.2103981 1.1928768 1.1781137 1.1704903 1.1727552 1.1790513 1.1808983 1.1831930 1.1810059 1.1721508 1.1497466 1.1294520 1.1285982 1.1323476 1.1373777 1.1402708 1.1441201 1.1510143 1.1605989 1.1645915 1.1558841 1.1465277 1.1644995 1.1975830 1.2097814 1.2143821 1.2304276 1.2393789 1.2319468 1.1251146 0.76533935 -9999.0000 -9999.0000 -9999.0000 -9999.0000
