data/glamos/distributed_mass_balance_grids/chessjen/2025_ann_obs.grid
ncols        92
nrows        134
xllcorner    2636610.000000000000
yllcorner    1101340.000000000000
cellsize     10.000000000000
NODATA_value  -9999
[rows 75 to 99 of 134, columns 0 to 56 of 92]
-9999.0000 -9999.0000 -9999.0000 -9999.0000 -9999.0000 -9999.0000 -9999.0000 -9999.0000 -9999.0000 -9999.0000 -9999.0000 -9999.0000 -9999.0000 -9999.0000 -9999.0000 -9999.0000 -9999.0000 -9999.0000 -9999.0000 -9999.0000 -9999.0000 -9999.0000 -9999.0000 -9999.0000 -9999.0000 -9999.0000 -9999.0000 -9999.0000 -9999.0000 -9999.0000 -1.4839572 -1.4625391 -1.4392039 -1.4733931 -1.5592391 -1.6496127 -1.6124609 -1.5276368 -1.4362470 -1.3216707 -9999.0000 -9999.0000 -9999.0000 -9999.0000 -9999.0000 -1.4806826 -1.4839876 -1.5673677 -1.6443786 -1.6590450 -1.6495400 -1.6498448 -1.6626724 -1.6360162 -1.5528696 -1.5166209 -1.4520699
-9999.0000 -9999.0000 -9999.0000 -9999.0000 -9999.0000 -9999.0000 -9999.0000 -9999.0000 -9999.0000 -9999.0000 -9999.0000 -9999.0000 -9999.0000 -9999.0000 -9999.0000 -9999.0000 -9999.0000 -9999.0000 -9999.0000 -9999.0000 -9999.0000 -9999.0000 -9999.0000 -9999.0000 -9999.0000 -9999.0000 -9999.0000 -9999.0000 -1.6060359 -1.6282387 -1.5142079 -1.4504886 -1.3316597 -1.2161908 -1.2186997 -1.2133097 -1.1812686 -1.0603114 -9999.0000 -9999.0000 -9999.0000 -9999.0000 -9999.0000 -9999.0000 -9999.0000 -1.4768000 -1.4960270 -1.5929048 -1.6317135 -1.6656915 -1.6636163 -1.6598666 -1.6567621 -1.6103421 -1.5274973 -1.5065337 -1.4843345
-9999.0000 -9999.0000 -9999.0000 -9999.0000 -9999.0000 -9999.0000 -9999.0000 -9999.0000 -9999.0000 -9999.0000 -9999.0000 -9999.0000 -9999.0000 -9999.0000 -9999.0000 -9999.0000 -9999.0000 -9999.0000 -9999.0000 -9999.0000 -9999.0000 -9999.0000 -9999.0000 -9999.0000 -9999.0000 -9999.0000 -9999.0000 -9999.0000 -1.6275800 -1.6057519 -1.4723874 -1.3559735 -1.2124374 -1.1423323 -1.0939910 -1.0606789 -1.0496791 -1.0212824 -9999.0000 -9999.0000 -9999.0000 -9999.0000 -9999.0000 -9999.0000 -1.2615774 -1.3248771 -1.3838581 -1.5460868 -1.6021141 -1.6199022 -1.6116947 -1.6150103 -1.6220508 -1.5951033 -1.5335339 -1.4848068 -1.4722188
-9999.0000 -9999.0000 -9999.0000 -9999.0000 -9999.0000 -9999.0000 -9999.0000 -9999.0000 -9999.0000 -9999.0000 -9999.0000 -9999.0000 -9999.0000 -9999.0000 -9999.0000 -9999.0000 -9999.0000 -9999.0000 -9999.0000 -9999.0000 -9999.0000 -9999.0000 -9999.0000 -9999.0000 -9999.0000 -9999.0000 -9999.0000 -9999.0000 -1.6288731 -1.5862905 -1.4394144 -1.2886118 -1.1780141 -1.1381598 -1.1360279 -1.0962789 -1.0463614 -1.0469278 -9999.0000 -9999.0000 -9999.0000 -9999.0000 -9999.0000 -9999.0000 -9999.0000 -1.1964229 -1.3011582 -1.4860611 -1.5538967 -1.5579760 -1.5355595 -1.5366411 -1.5524777 -1.5409615 -1.5025029 -1.4217531 -1.3856742
-9999.0000 -9999.0000 -9999.0000 -9999.0000 -9999.0000 -9999.0000 -9999.0000 -9999.0000 -9999.0000 -9999.0000 -9999.0000 -9999.0000 -9999.0000 -9999.0000 -9999.0000 -9999.0000 -9999.0000 -9999.0000 -9999.0000 -9999.0000 -9999.0000 -9999.0000 -9999.0000 -9999.0000 -9999.0000 -9999.0000 -9999.0000 -9999.0000 -1.6163544 -1.5061272 -1.3942876 -1.2432582 -1.1743181 -1.1726226 -1.1290294 -1.0876124 -1.0703402 -1.0557573 -1.0916552 -9999.0000 -9999.0000 -9999.0000 -9999.0000 -9999.0000 -9999.0000 -9999.0000 -1.3148522 -1.5049495 -1.5340129 -1.5071333 -1.4866017 -1.4961275 -1.4821847 -1.4534437 -1.4133519 -1.3231759 -1.2563925
-9999.0000 -9999.0000 -9999.0000 -9999.0000 -9999.0000 -9999.0000 -9999.0000 -9999.0000 -9999.0000 -9999.0000 -9999.0000 -9999.0000 -9999.0000 -9999.0000 -9999.0000 -9999.0000 -9999.0000 -9999.0000 -9999.0000 -9999.0000 -9999.0000 -9999.0000 -9999.0000 -9999.0000 -9999.0000 -9999.0000 -9999.0000 -1.5969449 -1.5892935 -1.4713582 -1.3500995 -1.2536462 -1.2207883 -1.1868649 -1.1589785 -1.1242017 -1.1057066 -1.0864935 -1.0807983 -1.1243310 -1.1891337 -1.2163830 -1.1957529 -1.1897600 -1.1930685 -1.2084977 -1.3186943 -1.4598039 -1.4744631 -1.4441171 -1.4523548 -1.4846566 -1.4674614 -1.4041388 -1.3434700 -1.2622336 -1.1756128
-9999.0000 -9999.0000 -9999.0000 -9999.0000 -9999.0000 -9999.0000 -9999.0000 -9999.0000 -9999.0000 -9999.0000 -9999.0000 -9999.0000 -9999.0000 -9999.0000 -9999.0000 -9999.0000 -9999.0000 -9999.0000 -9999.0000 -9999.0000 -9999.0000 -9999.0000 -9999.0000 -9999.0000 -9999.0000 -9999.0000 -9999.0000 -1.5681725 -1.5796845 -1.4518941 -1.3555473 -1.2854099 -1.2615935 -1.2505566 -1.2155432 -1.1741863 -1.1542379 -1.1552376 -1.1474372 -1.1328405 -1.1074538 -1.1102250 -1.1205476 -1.1451026 -1.1546524 -1.1780749 -1.2364862 -1.2955223 -1.3262676 -1.3499960 -1.3782668 -1.3949703 -1.3765451 -1.3247792 -1.2796769 -1.2133141 -1.1618925
-9999.0000 -9999.0000 -9999.0000 -9999.0000 -9999.0000 -9999.0000 -9999.0000 -9999.0000 -9999.0000 -9999.0000 -9999.0000 -9999.0000 -9999.0000 -9999.0000 -9999.0000 -9999.0000 -9999.0000 -9999.0000 -9999.0000 -9999.0000 -9999.0000 -9999.0000 -9999.0000 -9999.0000 -9999.0000 -9999.0000 -9999.0000 -1.5869510 -1.5665429 -1.4212131 -1.3310218 -1.3389902 -1.3341731 -1.3060199 -1.2579697 -1.2314241 -1.2061224 -1.1793208 -1.1698813 -1.1619982 -1.1598238 -1.1657089 -1.1766903 -1.1787271 -1.1781470 -1.1936857 -1.1855686 -1.1558828 -1.1701836 -1.2083634 -1.2371696 -1.2229245 -1.2317200 -1.2378278 -1.1895554 -1.1373009 -1.1147219
-9999.0000 -9999.0000 -9999.0000 -9999.0000 -9999.0000 -9999.0000 -9999.0000 -9999.0000 -9999.0000 -9999.0000 -9999.0000 -9999.0000 -9999.0000 -9999.0000 -9999.0000 -9999.0000 -9999.0000 -9999.0000 -9999.0000 -9999.0000 -9999.0000 -9999.0000 -9999.0000 -9999.0000 -9999.0000 -9999.0000 -9999.0000 -1.6140221 -1.5326618 -1.4688941 -1.3813199 -1.3636939 -1.3804309 -1.3523657 -1.3070419 -1.2642588 -1.2351414 -1.2011513 -1.1946902 -1.1944968 -1.2103390 -1.1972413 -1.1839724 -1.1740770 -1.1722692 -1.1909355 -1.1794131 -1.1336951 -1.0825767 -1.0745074 -1.0763161 -1.1274760 -1.2008827 -1.2406363 -1.2000401 -1.1035493 -1.0824455
-9999.0000 -9999.0000 -9999.0000 -9999.0000 -9999.0000 -9999.0000 -9999.0000 -9999.0000 -9999.0000 -9999.0000 -9999.0000 -9999.0000 -9999.0000 -9999.0000 -9999.0000 -9999.0000 -9999.0000 -9999.0000 -9999.0000 -9999.0000 -9999.0000 -9999.0000 -9999.0000 -9999.0000 -9999.0000 -9999.0000 -1.6688613 -1.5644351 -1.5592470 -1.5027506 -1.4738511 -1.4234264 -1.3860951 -1.3410096 -1.2964997 -1.2663662 -1.2415745 -1.2241937 -1.2086560 -1.2007427 -1.1962289 -1.1737611 -1.1493555 -1.1337836 -1.1154941 -1.1098977 -1.0905255 -1.0372708 -0.99075901 -0.98391141 -1.0302952 -1.1328483 -1.2000345 -1.2334050 -1.2012705 -1.0948209 -1.0182043
-9999.0000 -9999.0000 -9999.0000 -9999.0000 -9999.0000 -9999.0000 -9999.0000 -9999.0000 -9999.0000 -9999.0000 -9999.0000 -9999.0000 -9999.0000 -9999.0000 -9999.0000 -9999.0000 -9999.0000 -9999.0000 -9999.0000 -9999.0000 -9999.0000 -9999.0000 -9999.0000 -9999.0000 -9999.0000 -1.5628853 -1.4994430 -1.5123134 -1.5101857 -1.5418148 -1.5246924 -1.4871320 -1.4338118 -1.3685368 -1.3326674 -1.2898533 -1.2556923 -1.2366817 -1.2267707 -1.2077891 -1.1848395 -1.1470801 -1.1067899 -1.0843394 -1.0585923 -1.0203224 -0.99207624 -0.95618119 -0.93084435 -0.93777658 -0.99693999 -1.0714245 -1.0764759 -1.1049795 -1.1060859 -1.0273590 -0.94668324
-9999.0000 -9999.0000 -9999.0000 -9999.0000 -9999.0000 -9999.0000 -9999.0000 -9999.0000 -9999.0000 -9999.0000 -9999.0000 -9999.0000 -9999.0000 -9999.0000 -9999.0000 -9999.0000 -9999.0000 -9999.0000 -9999.0000 -9999.0000 -9999.0000 -9999.0000 -9999.0000 -9999.0000 -1.5799482 -1.4448870 -1.4261626 -1.4064191 -1.4318851 -1.4402097 -1.4952494 -1.4996631 -1.4543082 -1.3887765 -1.3406752 -1.3102667 -1.2768661 -1.2569005 -1.2305371 -1.2121230 -1.1767456 -1.1269170 -1.0922052 -1.0706320 -1.0247906 -0.99020567 -0.94034282 -0.90630316 -0.89539998 -0.89820737 -0.93809249 -0.98493634 -0.98195019 -0.97951036 -0.97544465 -0.92994322 -0.87791867
-9999.0000 -9999.0000 -9999.0000 -9999.0000 -9999.0000 -9999.0000 -9999.0000 -9999.0000 -9999.0000 -9999.0000 -9999.0000 -9999.0000 -9999.0000 -9999.0000 -9999.0000 -9999.0000 -9999.0000 -9999.0000 -9999.0000 -9999.0000 -9999.0000 -9999.0000 -1.5810493 -1.5264925 -1.4391223 -1.3818810 -1.3349564 -1.3339447 -1.3156591 -1.3391779 -1.3688799 -1.4073876 -1.4183441 -1.4006434 -1.3635562 -1.3342535 -1.2995859 -1.2791917 -1.2396934 -1.1967168 -1.1454820 -1.1108284 -1.0695638 -1.0408236 -1.0047239 -0.95291146 -0.92323378 -0.90084963 -0.89059000 -0.87565884 -0.88354237 -0.90665590 -0.93707190 -0.93059850 -0.88984661 -0.84104458 -0.83483445
-9999.0000 -9999.0000 -9999.0000 -9999.0000 -9999.0000 -9999.0000 -9999.0000 -9999.0000 -9999.0000 -9999.0000 -9999.0000 -9999.0000 -9999.0000 -9999.0000 -9999.0000 -9999.0000 -9999.0000 -9999.0000 -9999.0000 -9999.0000 -9999.0000 -9999.0000 -1.2894913 -1.2555342 -1.2243011 -1.2519215 -1.2407180 -1.2275889 -1.2448270 -1.2457404 -1.2528122 -1.2770573 -1.3153856 -1.3233810 -1.3149450 -1.3061330 -1.2803250 -1.2578602 -1.2184194 -1.1630812 -1.1046913 -1.0715050 -1.0535615 -1.0398002 -0.99874978 -0.94432977 -0.93193410 -0.90076054 -0.87476767 -0.83946742 -0.82998539 -0.85009654 -0.87212510 -0.86463473 -0.84416936 -0.79446471 -0.82402478
-9999.0000 -9999.0000 -9999.0000 -9999.0000 -9999.0000 -9999.0000 -9999.0000 -9999.0000 -9999.0000 -9999.0000 -9999.0000 -9999.0000 -9999.0000 -9999.0000 -9999.0000 -9999.0000 -9999.0000 -9999.0000 -9999.0000 -9999.0000 -9999.0000 -1.1546577 -1.0539176 -1.0568485 -1.0424602 -1.1030152 -1.1105909 -1.1454857 -1.1856365 -1.2000057 -1.1879469 -1.1724766 -1.1834905 -1.1942371 -1.1839717 -1.1801348 -1.1977841 -1.2029066 -1.1765155 -1.1228168 -1.0832498 -1.0526561 -1.0185090 -1.0017539 -0.96135279 -0.88728108 -0.88471318 -0.89147234 -0.87821159 -0.84017485 -0.79773449 -0.78724750 -0.80318410 -0.82284048 -0.82434943 -0.81410275 -0.79348059
-9999.0000 -9999.0000 -9999.0000 -9999.0000 -9999.0000 -9999.0000 -9999.0000 -9999.0000 -9999.0000 -9999.0000 -9999.0000 -9999.0000 -9999.0000 -9999.0000 -9999.0000 -9999.0000 -9999.0000 -9999.0000 -9999.0000 -9999.0000 -9999.0000 -1.1541758 -1.1066384 -1.1033129 -1.0536541 -1.0482095 -1.0611969 -1.0719293 -1.1147538 -1.1280364 -1.1147983 -1.0821069 -1.0659327 -1.1016433 -1.1009093 -1.0500732 -1.0425741 -1.0806008 -1.1245592 -1.1257850 -1.1065725 -1.0858088 -1.0485509 -1.0072614 -0.92831540 -0.84212558 -0.83408833 -0.86724687 -0.88326425 -0.84889608 -0.80599435 -0.78130666 -0.78266636 -0.80112533 -0.80447447 -0.80537923 -0.81265150
-9999.0000 -9999.0000 -9999.0000 -9999.0000 -9999.0000 -9999.0000 -9999.0000 -9999.0000 -9999.0000 -9999.0000 -9999.0000 -9999.0000 -9999.0000 -9999.0000 -9999.0000 -9999.0000 -9999.0000 -9999.0000 -9999.0000 -9999.0000 -1.2031451 -1.2003407 -1.1983979 -1.1939037 -1.1149494 -1.0570921 -1.0415121 -1.0426639 -1.0563402 -1.0698655 -1.0744773 -1.0538454 -1.0423147 -1.0596499 -1.0780214 -1.0471174 -0.97091127 -0.94608272 -1.0012071 -1.0755033 -1.1271335 -1.1261786 -1.1065225 -1.0643456 -1.0129516 -0.91588927 -0.87677748 -0.87058126 -0.88094180 -0.88056148 -0.86703848 -0.85361338 -0.83541229 -0.83853252 -0.84501984 -0.83562920 -0.85129537
-9999.0000 -9999.0000 -9999.0000 -9999.0000 -9999.0000 -9999.0000 -9999.0000 -9999.0000 -9999.0000 -9999.0000 -9999.0000 -9999.0000 -9999.0000 -9999.0000 -9999.0000 -9999.0000 -9999.0000 -9999.0000 -9999.0000 -0.94304621 -1.0516812 -1.0870387 -1.0605466 -1.0363538 -1.0328385 -1.0304402 -1.0270289 -1.0230292 -1.0369639 -1.0633287 -1.0773002 -1.0729804 -1.0584057 -1.0571740 -1.0761624 -1.0830028 -1.0299165 -0.93845025 -0.91599072 -0.95029711 -1.0338199 -1.0754569 -1.0718807 -1.0457686 -1.0171594 -0.96843240 -0.91102562 -0.87325020 -0.87168002 -0.87236775 -0.85433069 -0.83597078 -0.81060976 -0.82129853 -0.83493906 -0.86870975 -0.90010668
-9999.0000 -9999.0000 -9999.0000 -9999.0000 -9999.0000 -9999.0000 -9999.0000 -9999.0000 -9999.0000 -9999.0000 -9999.0000 -9999.0000 -9999.0000 -9999.0000 -9999.0000 -9999.0000 -9999.0000 -9999.0000 -9999.0000 -0.73671019 -0.85188432 -0.91782154 -0.89587380 -0.89184729 -0.92774940 -0.96654811 -0.99662819 -1.0304817 -1.0686322 -1.0970165 -1.0955727 -1.0781879 -1.0592291 -1.0638429 -1.0807510 -1.0940620 -1.0802146 -1.0097128 -0.94692344 -0.91586395 -0.92646950 -0.97106963 -1.0132273 -1.0159798 -1.0186195 -0.98840174 -0.93192011 -0.88254745 -0.84276382 -0.81257108 -0.77769079 -0.75559574 -0.75075336 -0.75784860 -0.78060680 -0.81243947 -0.83376645
-9999.0000 -9999.0000 -9999.0000 -9999.0000 -9999.0000 -9999.0000 -9999.0000 -9999.0000 -9999.0000 -9999.0000 -9999.0000 -9999.0000 -9999.0000 -9999.0000 -9999.0000 -9999.0000 -9999.0000 -9999.0000 -9999.0000 -0.49779760 -0.65060423 -0.76242167 -0.80302677 -0.83181596 -0.86618283 -0.89651004 -0.97425528 -1.0289896 -1.0890803 -1.1172937 -1.1195566 -1.1111136 -1.0970452 -1.0940469 -1.0997982 -1.0872044 -1.0802723 -1.0614704 -1.0268182 -0.98640074 -0.96127885 -0.95896715 -0.98853386 -1.0437364 -1.0896872 -1.0867052 -1.0189441 -0.93691461 -0.88635168 -0.84807861 -0.77153016 -0.70331028 -0.65899193 -0.65511647 -0.65974367 -0.64938117 -0.65583984
-9999.0000 -9999.0000 -9999.0000 -9999.0000 -9999.0000 -9999.0000 -9999.0000 -9999.0000 -9999.0000 -9999.0000 -9999.0000 -9999.0000 -9999.0000 -9999.0000 -9999.0000 -9999.0000 -9999.0000 -9999.0000 -9999.0000 -0.46082162 -0.52197818 -0.62403086 -0.67750799 -0.74857525 -0.79958678 -0.82246537 -0.90517798 -0.99192016 -1.0426568 -1.0829105 -1.1212415 -1.1550370 -1.1565418 -1.1189411 -1.0791724 -1.0594346 -1.0615786 -1.0820785 -1.0717764 -1.0581637 -1.0424688 -1.0054231 -0.98790978 -0.99813696 -1.0288446 -1.0531274 -1.0123748 -0.95267116 -0.90757294 -0.87147355 -0.77492579 -0.66243544 -0.59854387 -0.50132998 -0.31889295 -0.10989336 -0.13579820
-9999.0000 -9999.0000 -9999.0000 -9999.0000 -9999.0000 -9999.0000 -9999.0000 -9999.0000 -9999.0000 -9999.0000 -9999.0000 -9999.0000 -9999.0000 -9999.0000 -9999.0000 -9999.0000 -9999.0000 -9999.0000 -9999.0000 -0.63658368 -0.61997798 -0.58838973 -0.54917493 -0.68186801 -0.75606696 -0.76266382 -0.80965971 -0.87927462 -0.95344906 -1.0118570 -1.0744488 -1.1214924 -1.1280121 -1.0599453 -1.0271681 -1.0173064 -1.0345888 -1.0694911 -1.0739782 -1.0529215 -1.0429688 -1.0047474 -0.93982435 -0.86365746 -0.82295155 -0.80356926 -0.76876584 -0.76975929 -0.75613253 -0.72085892 -0.64458926 -0.53148109 -0.38275604 -0.083475313 0.081579866 -9999.0000 -9999.0000
-9999.0000 -9999.0000 -9999.0000 -9999.0000 -9999.0000 -9999.0000 -9999.0000 -9999.0000 -9999.0000 -9999.0000 -9999.0000 -9999.0000 -9999.0000 -9999.0000 -9999.0000 -9999.0000 -9999.0000 -9999.0000 -9999.0000 -0.67797066 -0.61886896 -0.53371255 -0.53630205 -0.65127009 -0.70264892 -0.71705896 -0.73470937 -0.80509333 -0.88719885 -0.94232319 -0.99800089 -1.0200234 -1.0141811 -0.96360848 -0.94592316 -0.98368602 -1.0235017 -1.0490856 -1.0364169 -1.0041495 -0.96709688 -0.92331608 -0.83527566 -0.71794043 -0.63667585 -0.58017698 -0.48704681 -0.49437729 -0.45110579 -0.42730263 -0.37013070 -0.22642839 0.10981855 0.24719565 -9999.0000 -9999.0000 -9999.0000
-9999.0000 -9999.0000 -9999.0000 -9999.0000 -9999.0000 -9999.0000 -9999.0000 -9999.0000 -9999.0000 -9999.0000 -9999.0000 -9999.0000 -9999.0000 -9999.0000 -9999.0000 -9999.0000 -9999.0000 -9999.0000 -9999.0000 -0.37400371 -0.34948284 -0.35693726 -0.46967421 -0.57648445 -0.64198078 -0.67199887 -0.70368641 -0.75137571 -0.82885914 -0.87227921 -0.88065413 -0.87692795 -0.89898100 -0.88992623 -0.89937846 -0.96460615 -1.0093458 -1.0107770 -0.97179272 -0.91636878 -0.85858682 -0.80228653 -0.70896622 -0.59953856 -0.50441693 -0.42928178 -0.33501816 -0.26673172 -0.17673382 -0.10237154 0.015541725 0.18998022 0.25321796 -0.30756187 -9999.0000 -9999.0000 -9999.0000
-9999.0000 -9999.0000 -9999.0000 -9999.0000 -9999.0000 -9999.0000 -9999.0000 -9999.0000 -9999.0000 -9999.0000 -9999.0000 -9999.0000 -9999.0000 -9999.0000 -9999.0000 -9999.0000 -9999.0000 -9999.0000 -9999.0000 -0.21483992 -0.13994996 -0.21967317 -0.34358151 -0.45560007 -0.53638971 -0.59569584 -0.61040551 -0.64778811 -0.70072919 -0.75232317 -0.75138862 -0.75215668 -0.80402076 -0.85600882 -0.87729074 -0.92727809 -0.94362310 -0.90555871 -0.85034648 -0.78862407 -0.71732185 -0.64755137 -0.57622229 -0.51599732 -0.41322337 -0.26541322 -0.093170622 0.024248374 0.14879005 0.29145584 0.41379619 0.34233603 -0.22002562 -9999.0000 -9999.0000 -9999.0000 -9999.0000
